START 138
COEFFS 445.155808433483 0.00230071999387356 -2.06744393929985e-07 4.21728143761568e-12
MATCH_LAM 445.8001 446.15278 446.12412 445.25649 444.59009 443.87464 443.91237 443.29628 443.22523 440.88828 439.11099 442.20479 440.29268 446.53406
MATCH_PIX 287.286853185914 451.703001668275 437.837896748668 43.7606009928603 -240.481825188354 -531.196082457064 -516.113251216922 -756.179014403247 -783.173399986481 -1613.26296369643 -2180.93019563283 -1159.11150990233 -1808.86403458703 634.808466894508
MATCH_LRES 0.000288351287679234 -0.0004760232881722 0.000248507090475414 0.000396236944084194 -0.00042209845423713 -6.59529674180703e-05 -0.000355470147098913 0.000269076764652709 0.000118972487939573 -7.83966916060308e-05 9.96046162526909e-06 0.000109473921327208 -1.30484940541464e-05 -2.9588814413728e-05
GUESS_LAM 445.752345278309 446.163391108426 446.133130755988 445.244126519847 444.568194923323 443.873200182281 443.912532728671 443.296211644534 443.225468629435 440.89976770636 439.116628417349 442.20181603104 440.292707540959 446.534124587743
STOP 138
START 139
COEFFS 441.903253800582 0.00212621661289214 -4.21932771000171e-07 -1.48231193514275e-10 -5.45683357828444e-14 -7.76807929446341e-18
MATCH_LAM 441.25684 439.79149 439.3759 437.81768 437.47851 436.9875 436.59302 435.93719 441.2893 438.18599 439.11099 439.99688 442.48373 443.0996
MATCH_PIX -288.704443151912 -874.872737480786 -1029.92031959495 -1577.84757278496 -1691.11860024466 -1852.07581712891 -1978.38457576016 -2183.45387153682 -275.012233948937 -1452.54785958263 -1126.23419166234 -796.976572055225 291.665819614016 684.035266996542
MATCH_LRES -0.000600867395405658 8.03986191044714e-05 0.000496766370417845 -0.000315030188232868 -0.000420754894832953 0.000540267875976497 0.000396275927073475 -0.00027287723395375 -8.99526881426027e-05 -0.000196865725172302 -0.000499258402328451 0.000651132712050639 0.000314027185140731 -8.32688652963043e-05
GUESS_LAM 441.205629517378 439.770791013926 439.357029403759 437.825492699867 437.477498260812 436.985108115686 436.59328412264 435.938491327619 441.289172482769 438.186816573172 439.112251308694 439.995220260662 442.509915544238 443.137657030561
STOP 139
START 140
COEFFS 438.79013094233 0.00226943490234259 -2.04084284114506e-07 1.92350225777043e-12 -1.89820961141254e-15 -4.10470058760824e-19
MATCH_LAM 435.76132 435.34482 434.90718 435.44824 435.93719 434.64367 436.9875 433.72769 432.8915 433.81078 437.81768 438.14018 438.18599 439.11099 439.79149 440.88828 440.15811 439.3759 440.29268
MATCH_PIX -1201.99905228373 -1350.25099902709 -1502.12445875391 -1313.87957104393 -1138.24303551086 -1592.15362281583 -743.722043265915 -1895.59301932394 -2160.97398573544 -1868.35518085526 -413.10311018496 -279.363340507289 -260.171034559499 143.038375276161 460.05259675362 1017.87159750155 639.60299936226 264.645767794651 707.004622300397
MATCH_LRES 0.000181940093455069 0.000280239104313296 -0.000441459125340771 0.000592057509038568 -0.000122815893973893 -6.62313121324587e-05 -0.000639955543306314 0.000378876212550949 5.53192435859273e-05 -0.000502690325390631 7.34559120587619e-05 2.63022301965066e-05 0.000156620642769667 0.000413526103045569 0.000399947335438355 5.74059466771359e-05 -0.000210747607184203 -0.00055956375445021 -7.22277545719407e-05
GUESS_LAM 435.768398098106 435.35795656827 434.879993385416 435.449093589212 435.933914516321 434.637575432795 436.98448108983 433.727212597776 432.892836209551 433.811088225292 437.813413593403 438.137895941965 438.184660144719 439.103532381335 439.787877304512 440.873279850456 440.156578965149 439.376700535164 440.292787982602
STOP 140
START 141
COEFFS 435.675699741329 0.00225446062170227 -2.05021876974962e-07 1.31429171852636e-12 -3.04166646655317e-16 2.40851224753644e-19
MATCH_LAM 432.8915 433.81078 434.90718 435.34482 435.44824 435.76132 436.59302 432.01264 431.52539 431.29975 430.71758 429.73062 429.98389 436.9875 437.47851 437.81768 438.14018
MATCH_PIX -1119.92081930891 -772.472933630469 -330.830502337948 -144.967487452592 -99.9145559221579 38.1561603399776 423.062909337899 -1434.75835239223 -1602.75544707815 -1679.19530951623 -1872.50692739489 -2187.32831884069 -2108.07801437339 616.166905239882 867.83283511334 1049.83903949865 1229.45963532843
MATCH_LRES 0.000509607885362584 -0.000290049945249393 -0.000183811252043142 0.00025655650790668 -0.00015824914538598 -0.000102884848388385 0.000143821382323495 0.000225482762743923 -0.000329688710564824 -0.000313672116703856 0.0001509542992153 -0.000150559257463101 0.000231824747061182 0.000230172805686379 -8.08274890005123e-05 -0.000331617208360058 0.000192939805458536
GUESS_LAM 432.83064541777 433.806465536163 434.9067528006 435.348809810793 435.449037250045 435.762322323604 436.593588154451 432.015774562573 431.526766853026 431.30016853515 430.717719540267 429.733164801887 429.983541713536 436.989448722788 437.481883845116 437.820701894519 438.142458955117
STOP 141
START 142
COEFFS 432.604240719247 0.00223906911150101 -2.02304986039342e-07 2.22266193790052e-12 -1.28171462764172e-15 -3.0177893365467e-19
MATCH_LAM 432.01264 431.84157 431.52539 431.43195 430.71758 429.98389 433.81078 432.52741 432.8915 433.13448 434.24438 434.64367 434.90718 429.73062 429.18098 428.05679 428.10678 428.14145 427.68073 427.23032 427.40246
MATCH_PIX -258.073235183421 -330.699532131377 -462.268292294263 -500.856746297095 -786.14096761339 -1066.01464190065 567.877646868005 -34.1496465941312 129.824324650833 241.887259312562 788.580148464635 1001.0745599422 1147.17536527996 -1159.45197177324 -1358.42916483224 -1746.84643968902 -1730.04708178937 -1718.2522922933 -1871.87838924005 -2018.711353678 -1962.98467095217
MATCH_LRES -0.000239491302295392 7.42340978376888e-06 -0.000297393391974765 0.000262279073695026 7.00951936778438e-05 0.000358821336249093 6.38598055502371e-06 -0.000131282398626809 -2.11225794828351e-05 0.000446923673848687 -0.000243349795368886 5.49542416479198e-05 3.38137330118116e-05 -0.000414761986007761 0.000215725440853021 6.10915408287838e-05 6.00912806589804e-05 -0.000293855430811618 -4.32573375519496e-06 -5.38433539531979e-07 6.85173225178914e-05
GUESS_LAM 431.999453116791 431.826414300396 431.516416896749 431.429865670212 430.699414075638 429.986591419394 433.830684187413 432.528064281878 432.891994959178 433.134368900129 434.243577477782 434.642412671538 434.906493510318 429.732565194942 429.183565643231 428.064918281649 428.109990671256 428.143705858605 427.682581174349 427.23011321728 427.402368125313
STOP 142
START 143
COEFFS 429.57578888537 0.00222359501009083 -1.99159590740602e-07 4.02529553373094e-12 -2.52292275691952e-15 -1.24738175701306e-18
MATCH_LAM 429.73062 429.98389 429.18098 428.05679 428.10678 428.14145 427.83232 427.40246 427.2874 426.0333 425.74961 423.722 430.71758 431.29975 431.52539 431.84157 432.01264 424.75988 425.852 424.83908 425.35381
MATCH_PIX 69.9779829206264 186.535889943137 -174.840700601638 -645.025405349981 -624.943901469195 -610.937395536876 -734.749203096289 -902.74860170912 -946.904058102618 -1409.18019039763 -1509.23182676504 -2187.34348947843 539.222202434937 837.91289887831 959.237837823614 1134.73574373197 1232.60501775467 -1847.5567328005 -1473.215348323 -1820.73511664104 -1646.07172991977
MATCH_LRES 0.000202372413639296 0.000227935205884933 7.78554953626553e-05 -0.000484007014392773 -0.00035559780138783 -0.00036312818457418 -0.000101795759519518 0.000213641303787426 0.000210439732256873 0.000727372051528619 0.000543339961950551 0.000271620036926379 0.000326126928655412 2.53500587632516e-06 -0.000504960436785495 -0.000320394651453171 0.000457509837360703 6.30722333312406e-05 0.000392547882654526 -0.000839033166869285 -0.000747450829180707
GUESS_LAM 429.688785744277 429.988739710389 429.172539331809 428.040208648759 428.090197258485 428.141433295353 427.831792608116 427.402935378508 427.287625760065 426.035873964964 425.749721033983 423.712924342879 430.711972184884 431.296712103925 431.525085644754 431.841960368654 432.013023527179 424.759542384637 425.852002046314 424.840553838886 425.354741891623
STOP 143
START 144
COEFFS 426.590047802266 0.0022101311472555 -1.99342234039892e-07 1.59623769749966e-12 -1.52231036270577e-15 -2.35822000605757e-19
MATCH_LAM 427.40246 427.33569 427.2874 426.0333 425.852 425.74961 425.62537 424.10948 423.54636 427.83232 428.10678 428.05679 428.35184 428.14145 428.86688 424.83908 423.04267 422.73872 422.00842 421.63722 421.30669 421.09229
MATCH_PIX 380.72320593691 348.215497211084 324.961227180025 -246.327858703774 -324.523717308588 -367.977302158166 -420.388145489059 -1026.02963816829 -1236.62773560655 593.820925883898 734.900915590544 708.894181303223 864.665139641268 752.986394481606 1149.68798642707 -742.096581304267 -1419.07910932418 -1526.8724650564 -1778.69097041808 -1902.93202151156 -2011.7882459693 -2081.51391290501
MATCH_LRES -0.000195548395424794 0.000167523072661879 0.000158821861646175 -0.0002061089307972 0.000256619956019222 -6.14564810348384e-05 -0.000172834877048444 9.0281211328147e-05 0.000162162808464927 1.52454635440336e-05 2.64519538859531e-05 2.67437142156268e-05 -0.000260772494186767 9.32519203615811e-05 6.56576141295773e-05 3.15382476401282e-06 -0.000216399356588681 -5.97667639112842e-06 0.000201135183715451 -0.000173660848417967 -8.37032219465073e-05 0.000109410738104998
GUESS_LAM 427.377240860626 427.333745740009 427.284357859498 426.009904034156 425.835729313322 425.749887471879 425.625596327017 424.110476132098 423.54760838792 427.831443978977 428.105792220469 428.056342706731 428.351388513193 428.141075439908 428.866012994092 424.837984637728 423.046650507461 422.742210345137 422.015282153261 421.640583668672 421.30633083311 421.091995422427
STOP 144
START 145
COEFFS 423.645638191304 0.00219601660797288 -1.98756979961254e-07 1.19968503604846e-12 -1.10403448220069e-15
MATCH_LAM 421.30669 423.54636 424.10948 424.83908 425.03146 425.74961 421.63722 422.34403 422.35934 422.73872 423.04267 422.9147 424.79886 425.62537 426.0333 425.852 424.75988 420.99727 420.88907 419.2362 419.4936 417.96179 417.88481 417.92202 420.18467
MATCH_PIX -977.382318121347 -44.9144873148837 215.270915681428 573.003345148384 672.008288118599 1059.75196556692 -848.819154085779 -563.845613214221 -557.760838482592 -398.533684968334 -267.952932556505 -323.181451891961 552.781933505322 990.141129224082 1222.64731372427 1117.90445254056 533.011426888783 -1095.99484743193 -1136.70300456992 -1729.75835250715 -1641.07175897402 -2152.09722198583 -2177.38826274663 -2165.78939988659 -1396.06577531265
MATCH_LRES -0.000604977118200622 -0.000244163354182092 0.000304415488074028 0.000268702647758801 -0.000300787111939371 -7.75933990553312e-05 0.000112778380525924 0.000121975191973434 0.00070162063832413 -5.9418732632821e-05 -0.000239822017704228 -0.000414394763140535 -6.23077223735891e-05 0.000119289426777414 9.75900146045205e-05 -0.000138050796238076 0.000114398936148064 0.000374921200148037 6.83327722867944e-05 -7.36883368972485e-05 0.000367902879020221 -0.00161904603453422 0.000263418024701423 0.00126813669635339 -0.000349232685152856
GUESS_LAM 421.305339963286 423.555872927485 424.108164630783 424.839306103772 425.032001777307 425.749015617814 421.637578606106 422.344971966941 422.35954182238 422.739766700532 423.043705497542 422.91553981352 424.797925497087 425.625711033697 426.035864175017 425.852497326876 424.758984644605 420.99778301244 420.890058373209 419.238403768255 419.49321022945 417.960404803378 417.882039215278 417.919317459841 420.185111543116
STOP 145
START 146
COEFFS 420.740933107392 0.00218066385641727 -1.96558681657065e-07 2.64615329102371e-12 -1.50248630136649e-15 -3.6529364955809e-19
MATCH_LAM 421.30669 420.88907 420.18467 419.4936 422.00651 422.73872 422.9147 423.04267 417.80597 416.57661 416.36469 416.17389 416.2509 415.65166 415.85352 414.9987 416.86341 417.05332 415.47205 418.3591 419.2362
MATCH_PIX 265.649492137263 68.1247929418788 -249.288938847038 -545.147680120509 614.444133317759 1007.13704225235 1106.97324347492 1180.9559678232 -1210.61694083792 -1654.1914745141 -1727.76951467076 -1793.63505633266 -1767.03941859201 -1969.37878546086 -1901.98844244335 -2183.58939854062 -1553.7157554623 -1485.94473422181 -2028.98741461421 -1000.45179527109 -651.00185010515
MATCH_LRES 0.000294083399182909 0.000491041554255389 -0.000386149016776471 0.000409037045983496 -0.000477839031532312 0.000155076993735292 -3.4792799965544e-05 4.08083656111558e-06 3.29885691598975e-05 -0.000531115818375838 -0.000381110641569649 0.000664747364965024 -1.83416549361937e-05 -0.000385233808572139 2.43718322963105e-05 0.00021989854946014 0.000481058764762565 0.000101569920275324 -0.000147040458386982 0.000341118279379771 -0.000857449620184525
GUESS_LAM 421.280988436522 420.88119021644 420.168009501258 419.492376825547 422.007570435795 422.736947891989 422.914697477208 423.042758689425 417.810152964971 416.582729001794 416.366242777361 416.174031220442 416.251552467485 415.655157288176 415.854469970611 414.998183337866 416.862803640838 417.053232433644 415.472217771681 418.358726478528 419.237040878454
STOP 146
START 147
COEFFS 417.876781885405 0.00216854470885266 -1.96868155349455e-07 1.34563157521942e-12 -1.01500923268653e-15 -9.97983327256e-20
MATCH_LAM 417.80597 417.05332 416.57661 416.17389 414.9987 414.81816 414.27012 413.80406 413.1002 412.74121 415.47205 413.27529 419.2362 419.4936 420.18467 415.85352 417.71648 415.65166
MATCH_PIX -32.5392761249241 -367.353750365794 -569.907536352582 -735.401524537196 -1195.76169830532 -1263.33303501545 -1464.75437901061 -1630.99218904582 -1874.6829365639 -1995.85793303352 -1014.30587542606 -1814.86844107767 667.621819760201 803.863461387809 1193.61525118472 -864.498361014224 -73.7799042603614 -944.388046059171
MATCH_LRES -4.05179522431354e-05 -0.00018721167680269 -1.00438890058285e-05 -0.000860884535256901 0.000603840968494751 0.000153413064253982 0.000333383802683329 -0.000277476250857944 -0.000276093181867054 0.000393232144915601 -0.000251638571910462 -0.000344072140308072 -0.000787331741435082 0.000578107893147717 -2.46964171992659e-05 -3.95269638602258e-05 0.000765352626501681 0.000272162969849887
GUESS_LAM 417.771787173641 417.045553680491 416.565929929859 416.163095665485 414.996558084483 414.818957688369 414.27179689527 413.80674927988 413.103683118459 412.742955391083 415.472455820623 413.275483850634 419.224367763744 419.488881967776 420.187832292139 415.85339123283 417.715553365586 415.651330116921
STOP 147
START 148
COEFFS 415.050562919778 0.00215431895664376 -1.95680226695996e-07 1.65641896331947e-12 -8.38007401137634e-16 -2.68945167480551e-20
MATCH_LAM 415.85352 415.65166 415.47205 414.81816 414.27012 413.80406 413.1002 412.74121 411.67137 411.27539 410.84198 410.03414 409.77471 409.47471 416.57661 417.05332 416.17389 414.02349 410.26172
MATCH_PIX 386.089483571363 286.4534869663 199.130109704313 -106.831735259914 -350.976963772598 -550.918478964552 -840.414759644982 -983.269006526249 -1389.79263021562 -1533.82823821393 -1687.94084281755 -1966.19560854052 -2053.05306020826 -2152.08010994095 760.955282329628 1024.53176519835 548.698794634616 -457.483651650586 -1888.90339981851
MATCH_LRES 0.000289797872937925 8.32146440643555e-06 0.000244825918571223 -1.78566542103908e-05 -0.000137569650917158 9.51388618091187e-05 -0.000243130516139445 0.00044255337360255 0.00025815146466357 -6.75108447580897e-05 -0.000298617692124026 0.000199407157026599 0.000117157064096318 -5.90527287727127e-05 -0.000426124313889886 0.000159962998736773 -2.79547577406447e-05 -0.000358283418051997 -0.00017921293198242
GUESS_LAM 415.836780443844 415.647945055784 415.464835627992 414.801601059586 414.270312754653 413.8039575383 413.101458077328 412.74109354426 411.674801472642 411.277630908454 410.844798482805 410.033932100048 409.77495449694 409.4752569573 416.58008990728 417.055074600181 416.173308904551 414.02448458742 410.261962397813
STOP 148
START 149
COEFFS 412.262515695895 0.00214148424417929 -1.93136089866772e-07 1.87963557876098e-12 -1.51183187534498e-15 -2.75623658956712e-19
MATCH_LAM 411.67137 411.27539 410.03414 409.47471 409.77471 410.26172 412.74121 414.27012 414.02349 413.27529 411.08262 408.652 408.5042 407.55029 408.13678 408.34688 408.91379 408.07058 408.0358 406.92009 409.60759 413.548
MATCH_PIX -269.439858485775 -443.142776678667 -956.886557291133 -1174.89053388905 -1058.89321647142 -865.814533695465 228.027355389646 1033.84253846394 894.358490063508 494.987921032095 -525.638688508356 -1482.32561151201 -1536.0854482058 -1872.82767435864 -1667.76406643058 -1592.98506613477 -1386.06729331723 -1691.12350664918 -1703.67366945416 -2085.98343891531 -1123.82775755528 636.846998046378
MATCH_LRES -7.88780495213359e-05 1.93999318298665e-06 0.000316582407435817 0.000114702714313353 0.000117659464933695 4.94630680236696e-05 0.000401682366657496 5.21608571375509e-05 -1.48309365499699e-05 -4.26808532552059e-05 -0.000508655727060159 -0.000314083257649145 -0.000224334139431903 0.000422825691771322 -0.000190248813282778 0.000325307951129616 -0.000259459564233566 -0.000427996934263319 0.00032808161279263 -0.000126661975400566 0.000247868926294359 -0.000190446317219539
GUESS_LAM 411.63723950043 411.272214223586 410.028100104901 409.484528832209 409.772572806705 410.257005509786 412.755176049272 414.277593394668 414.02370533542 413.276186319305 411.082620138344 408.657175593149 408.507134378565 407.557571748273 408.137641155843 408.346222865373 408.912401197146 408.071139891899 408.035507691504 406.919957270253 409.607173556771 413.548039372106
STOP 149
START 150
COEFFS 409.511925010787 0.00212843397066934 -1.92070094387714e-07 1.95436988023003e-12 -1.76410549439548e-15 -4.36278257701724e-19
MATCH_LAM 408.652 408.5042 408.54341 408.13678 408.07058 407.55029 409.47471 409.77471 410.03414 409.60759 410.26172 410.70506 410.84198 411.27539 411.57589 411.67137 406.94609 406.92009 406.3407 405.92529 406.74507 405.0887 404.33948 404.82876 407.1751 407.02383 407.26284 408.34688 408.91379 408.87261
MATCH_PIX -390.163930895489 -454.72921394485 -437.716144854438 -611.99792944234 -639.728135337369 -854.823629181424 -17.5224624535739 124.865492764363 250.895720257318 45.1010932097793 364.176421000554 592.081618057906 664.795196408545 902.05297370485 1074.10544337512 1130.14947975791 -1095.2574587667 -1105.37141877976 -1327.2367712916 -1481.37262555106 -1173.16807427298 -1781.85961919684 -2039.86045036409 -1872.27573453246 -1005.27540044603 -1064.89663661408 -970.10475439578 -522.47831587714 -274.170711366923 -292.480875327286
MATCH_LRES -9.54072132799411e-05 0.000102804072298568 0.00015630264988431 4.83805301882967e-05 -0.000360435206914644 0.000114358628707123 0.000139376795232238 8.30990654776542e-06 0.000267128289010543 6.08098291650094e-05 8.21474463350569e-05 0.000103466115717765 -0.000204792791691943 -0.000213762177736498 -5.58187411456856e-05 0.000176760550402832 0.000172048118201928 0.000108390594789398 0.000299994147439975 -0.000403780321960312 3.41110052772819e-05 0.00017627055643743 0.000196695308716244 -0.000397304938758225 0.000278416505352652 0.000306809250901097 -0.000551455439051551 -0.000159207776903258 -9.3356495142416e-05 -0.000297256987323635
GUESS_LAM 408.618387055388 408.503030206481 408.542429634766 408.133888504279 408.067876612002 407.538833630973 409.460760229778 409.774451034856 410.033536000536 409.607655157016 410.261930367479 410.705265339477 410.842394740647 411.275971156546 411.57642144961 411.671535160341 406.947417290985 406.920795632193 406.342283394316 405.926353250603 406.745088750861 405.088937844717 404.338503247805 404.829618060946 407.174809025506 407.023475765658 407.263256740371 408.34744835183 408.914382558253 408.87336182594
STOP 150
START 151
COEFFS 406.797788289228 0.0021154781364506 -1.91015781635798e-07 1.81375586079422e-12 -1.74534946697123e-15 -3.80435641215633e-19
MATCH_LAM 406.92009 406.3407 405.92529 405.0887 405.35277 403.60479 403.0842 401.91289 406.74507 406.94609 407.1751 407.55029 408.07058 408.652 408.5042 408.13678 408.34688 408.91379 408.87261 404.12036 403.65649 402.7009 401.24952 402.4802 403.98648
MATCH_PIX 58.1223868344738 -211.985135557434 -398.002422662004 -755.750370098752 -645.029137124876 -1342.70485946378 -1536.11958822427 -1951.95588359567 -24.9082840987864 70.6284506466047 181.102794086448 367.915947618767 638.522961435392 959.806847139706 875.935325101933 673.937393478119 788.223166782663 1112.51386715402 1087.78396239593 -1144.93541557018 -1323.03352153617 -1675.15239100267 -2176.41246812502 -1753.63008816285 -1196.95888350527
MATCH_LRES -9.97199708763219e-06 -3.3920494843187e-05 -0.000120487925926227 4.38978350985053e-05 -0.000252314940098586 0.00024166702024786 -0.000189362559638084 0.000263397444257407 9.31804078732057e-05 -0.000158968377036217 0.000448865639611995 -1.59105932198145e-05 -0.000251982989368571 -8.20048762761871e-05 -4.63633674030461e-05 -9.25908777844597e-05 0.00020136938911719 -0.000254726689036033 0.000351100078773925 2.86922957570823e-05 -8.64853107600538e-05 0.000127390041654962 -3.60130374019718e-05 -0.000429139538880463 0.000260687520551528
GUESS_LAM 406.898661730576 406.33433066345 405.915658220093 405.075452901521 405.352911457424 403.614025581356 403.091933566296 401.921346651975 406.743620725048 406.944133668105 407.171591148601 407.545533313137 408.065605320203 408.645739878821 408.502186945015 408.136735253505 408.345943828589 408.911546819682 408.870519969273 404.116793885383 403.653786799935 402.701307747727 401.260567483261 402.479900980223 403.98288202396
STOP 151
START 152
COEFFS 404.119479100224 0.00210153047236649 -1.90563135458612e-07 4.89861993715406e-12 -1.40657148096993e-15 -1.68044456392151e-18
MATCH_LAM 403.60479 403.0842 402.4802 401.91289 404.33948 405.35277 405.92529 406.3407 401.24952 400.821 401.8099 401.47161 405.0887 404.82876 404.84324 404.12036 403.98648 403.82287 402.98256 400.10581 400.90569 399.04919 401.17398 401.15911
MATCH_PIX -239.526780766003 -471.967482397039 -730.790673908369 -964.015876111836 105.705403036112 621.262981014365 938.642152444026 1183.06707346335 -1226.06580341363 -1389.79615487385 -1005.14950613853 -1139.19460706738 481.903151234517 348.597013272077 355.83128412708 0.290901722013044 -62.8677352986769 -139.662862523903 -516.218491581246 -1655.50045959682 -1357.96739558868 -2034.24493315132 -1254.95222868792 -1260.33169329193
MATCH_LRES -0.000312453953256409 -0.000431043503056117 0.000233728238299591 0.000619329193227713 -1.85314430609651e-05 0.000429463716841383 -0.000613567076470645 0.000229301758110978 0.000668334031615814 -1.66131932246572e-05 -9.68743245266523e-06 -0.000123927894946974 0.000312657227766522 -0.000327228527112311 -8.96296019163856e-05 0.000269577068763738 -0.00012622864005607 0.000627522274783132 -0.000576503884985868 -0.000416639486559234 0.000723700614742029 0.000102799581156887 -0.00012006273186671 -0.00103429640267905
GUESS_LAM 403.57892302759 403.08065853707 402.474149936987 401.906969510986 404.338482582308 405.350166077711 405.925264304872 406.339966414109 401.252041376694 400.823474826422 401.809645825024 401.472062922364 405.089642401307 404.830294568099 404.844294142452 404.120315218495 403.986640441024 403.822003596183 402.982005199185 400.107260254601 400.906063728956 399.041118961874 401.174284937579 401.160287793483
STOP 152
START 153
COEFFS 401.476179083406 0.00209084366018766 -1.89155886034544e-07 1.31489742492678e-12 -1.48419258910014e-15 -1.07170888592905e-19
MATCH_LAM 401.91289 401.24952 400.821 400.10581 399.45491 399.04919 402.4802 402.7009 403.0842 403.60479 403.65649 400.63806 400.33086 400.18931 399.17309 400.02811 399.89526 400.50928 398.72061 398.11065
MATCH_PIX 213.017612548212 -107.29061471645 -304.933699741093 -620.299408821361 -893.675295322696 -1057.96026999818 503.019536438568 620.395106361229 831.804287008918 1134.95869947495 1166.23628689324 -387.205179776803 -522.877787254687 -584.277784454932 -1008.13355205043 -653.734983687199 -710.124236336458 -444.609180975545 -1187.90300908469 -1422.24933476723
MATCH_LRES -0.000101982224293806 -0.000151937103453292 2.80192760442333e-05 -0.000114507862804203 0.000160732815459141 3.32017136202012e-05 7.86837950386143e-05 0.000291709352609359 -0.000278715352578729 -1.05048953855658e-05 5.65370857543712e-05 -6.50895743774527e-05 -5.32106095079143e-05 -0.000233503341974028 -0.000225304785317348 0.000253653527749975 5.5461871852458e-05 0.000272733289932603 -2.31708575029188e-05 2.71938238256553e-05
GUESS_LAM 401.899440785486 401.242195468064 400.809923449868 400.091054777428 399.455291530833 399.050101442015 402.478840867746 402.700152506312 403.084148955933 403.60442481947 403.656356629342 400.637785166845 400.330692186582 400.18929490599 399.176989562458 400.027768222919 399.89519601209 400.508966536754 398.720458660716 398.110272856371
STOP 153
START 154
COEFFS 398.866933332764 0.00207713183307551 -1.84572804463228e-07 9.0814031728075e-12 -7.03113890586676e-15 -8.96238018187819e-18
MATCH_LAM 399.04919 398.11065 398.00891 397.3196 397.21541 399.17309 399.45491 399.60617 400.10581 400.18931 396.90026 396.73921 397.26395 399.2252 400.02811 398.72061
MATCH_PIX 88.1868097939419 -353.059017716325 -398.676234656912 -699.852641351654 -744.075451777527 149.182838441492 290.371523977969 367.851531385384 631.98533535237 677.19258453998 -875.997198631934 -942.320730927269 -723.314620639446 175.303720837738 589.784329499288 -69.4860507311161
MATCH_LRES 0.000510688905194456 0.00053366241081676 7.90911370813774e-05 5.04549493030026e-05 6.01301027813861e-05 0.000366001450231579 0.000245249647150558 -0.00012696339319973 -0.00038791410702288 0.000336408703446978 0.000146029662687397 -2.04185117809175e-05 -0.000411176919214995 -0.000230892442004915 -5.30779333871578e-05 -0.00109727367862433
GUESS_LAM 399.034372459681 398.101883347346 397.999950447431 397.308163575387 397.214614004988 399.174285492344 399.457919865691 399.607285360645 400.108060056711 400.188954725804 396.899613139981 396.738823178827 397.26462760781 399.225850177608 400.027889058924 398.722218689774
STOP 154
START 155
COEFFS 396.291838768171 0.00206717464179635 -1.87792529669249e-07 -1.97143950369076e-12
MATCH_LAM 396.73921 397.21541 397.3196 396.24196 395.93 395.66908 395.51699 395.03951 394.80305 394.73308 394.63921 394.55072 394.51352 394.6145 396.90026 394.36055 395.15149 395.27608
MATCH_PIX 220.845371129017 466.733373671967 521.981909943431 -24.115259824669 -172.384934301811 -293.433704147077 -362.952535933348 -575.937106915794 -678.620412640615 -708.749535969346 -748.741965641796 -786.512889083181 -802.10092580972 -759.65568750088 302.756595062382 -866.78624567359 -526.641396232334 -471.216803973787
MATCH_LRES 2.56602524473237e-05 -0.000138987538946367 0.000180758974352102 8.08677195323071e-05 8.14465974485756e-05 -6.030176166405e-05 8.20122254481248e-05 0.000148638921075417 -9.46986963299423e-05 -1.85259646627856e-05 -0.000396665403798124 -4.95173670174154e-05 -0.000434115493135323 0.000508671816874084 -0.000161458979050622 0.000317895475404839 0.000107489898823587 -0.000179170666399386
GUESS_LAM 396.729250953212 397.221619247512 397.327017015865 396.245996443511 395.930049034646 395.669141260853 395.516752716979 395.039253150904 394.803329312204 394.733342756834 394.639763677782 394.550851341055 394.514004165014 394.613832000529 396.900231651054 394.359986276589 395.151400364656 395.276295600497
STOP 155
START 156
COEFFS 393.751094102131 0.00205831987353827 -1.87438884052438e-07 -6.49761469873963e-12 -6.48597175629887e-15
MATCH_LAM 392.37991 393.29109 392.5093 392.96689 393.63532 395.03951 394.80305 391.90234 391.85115 394.36055 391.64176
MATCH_PIX -630.092819225216 -219.070997527907 -573.738976871005 -368.820036172401 -55.8525100834222 668.079172434855 538.448064488305 -835.050027565187 -856.539249907167 304.444175651373 -943.799235776626
MATCH_LRES -0.000438206469766556 -0.00014370323390267 0.000320348756758904 0.00023651509661704 -0.000228123476006203 0.000184370697297709 -0.000439451173349426 0.000118955011828348 1.1934644021494e-05 0.000424476793796202 -4.71166490569885e-05
GUESS_LAM 392.370938794178 393.285524181444 392.508394944206 392.96687869483 393.635868406922 395.040692953166 394.802983094286 391.901264793446 391.850529578148 394.35882378354 391.642622434897
STOP 156
START 157
COEFFS 391.244682786724 0.00205019519097139 -2.16384976971721e-07 -6.71306026732037e-11 -3.6563346052386e-14
MATCH_LAM 390.31021 390.08785 389.54189 389.8437 391.19517 388.69159 390.51865 391.90234 391.85115 390.05767
MATCH_PIX -437.495948204976 -537.475899472654 -775.8809311063 -644.974210024056 -24.1100076882329 -1128.92276145303 -342.836821959216 333.930626817033 306.924831066919 -550.923398743031
MATCH_LRES -0.000385905999735314 0.000235247800958405 7.18133636041784e-05 -0.000329551972811259 4.22895720362249e-05 -2.56600776538107e-06 8.29005755349499e-05 0.000117615625356393 -0.000139087640661728 0.000307243982547334
GUESS_LAM 390.302188567915 390.078773718026 389.531513609961 389.834543767734 391.191996216843 388.709717297386 390.519626831113 391.901294093612 391.850363554424 390.057282580577
STOP 157
START 158
COEFFS 388.763043217102 0.00203085591289029 -1.88657026445943e-07 1.04504336131646e-11 2.43289915391182e-14 1.37176891326604e-17
MATCH_LAM 387.38224 387.48619 387.42438 387.9644 387.34741 387.31479 387.27219 386.34059 388.69159 389.54189 385.98391
MATCH_PIX -641.680228792415 -595.693848129527 -623.017188911117 -379.768243633598 -656.909579170111 -671.051575945582 -689.971349056755 -1083.62048829129 -35.0695662440253 397.495075661824 -1227.37086271119
MATCH_LRES 0.000165817192510076 3.48264859439951e-05 -2.84255426663549e-05 -5.0855079507528e-06 -2.3298195173993e-05 -0.00039881929404828 0.000255240105559551 -8.88128511178365e-07 4.5799640702171e-07 -2.46515128310421e-08 2.14295539535669e-07
GUESS_LAM 387.366126676626 387.486573745976 387.42467446652 387.96628540336 387.347599551537 387.31523193024 387.271609594662 386.342035294867 388.691133450452 389.540518268628 385.986309379531
STOP 158
START 159
COEFFS 386.316578977248 0.00202266415407317 -1.82936935696044e-07 -2.23599125799307e-12 -6.68938090157466e-15 -1.82045382670283e-18
MATCH_LAM 385.2135 385.45108 384.68876 387.38224 386.34059 385.98391 383.96951 383.7875 383.07736 384.28968 387.34741 387.27219 386.69092
MATCH_PIX -520.812610956372 -412.438416618584 -753.229712365979 555.210747066179 11.9688029973953 -162.137339185498 -1057.5913749819 -1132.3188061079 -1415.27107823089 -923.803301676408 536.201068314457 494.999208145255 188.213265003117
MATCH_LRES 7.74278787503135e-05 -0.000141042363168253 0.000258270842493857 0.00016247847673867 -0.000171635939636872 8.44358361291597e-05 1.31381216874615e-05 0.00013535074202764 -1.71304268974382e-05 -0.000350172362743706 -0.000148806252184386 -5.52463098983935e-05 0.000152931322475069
GUESS_LAM 385.200435150279 385.452051754547 384.687649669264 387.394609310681 386.345550140853 385.983756590374 383.971367192062 383.787595932927 383.078485405991 384.290035397129 387.347632965244 387.272013744498 386.690481634918
STOP 159
START 160
COEFFS 383.900642683357 0.00200813158585755 -1.91067326596044e-07 7.53647574844381e-12 2.83118766125631e-14 1.77604793280476e-17
MATCH_LAM 382.83846 383.07736 383.7875 384.28968 382.07926 382.30676 382.14308 381.86851 381.09951 381.5566 381.38151 382.63688 384.68876
MATCH_PIX -504.916805013081 -395.144086340645 -55.8941698653172 197.273633924219 -840.80136067428 -742.013200180289 -813.070227978697 -930.868216619647 -1247.04804108352 -1061.80571815736 -1133.38290574241 -596.032398187035 407.552537545338
MATCH_LRES 0.000180436000619011 -2.48155345161649e-06 -0.000301861434536477 0.000215601773106755 -7.51547063941871e-05 -0.000132613852656505 -0.000510583286313704 -2.93911978701544e-05 -5.26404778611322e-05 0.00062362131171767 -0.000243273079888695 0.000385018234396739 -5.66675051345555e-05
GUESS_LAM 382.827679527166 383.078039431002 383.791034304832 384.296115476953 382.078446379467 382.306948754625 382.143478285161 381.868173250163 381.102970372814 381.555240729653 381.382637604512 382.636346231341 384.694390328356
STOP 160
START 161
COEFFS 381.514547365458 0.00199886029976891 -1.82571056446882e-07 3.91765584282453e-12 -2.576502196102e-15 -3.29219274267467e-18
MATCH_LAM 380.78745 380.39839 379.53858 379.46983 379.07948 378.91679 381.30676 381.38151 381.5566 381.86851 382.07926 382.30676 382.51331
MATCH_PIX -352.250187718729 -532.216597098995 -911.65988382315 -940.408081103564 -1104.81817221996 -1172.22359155162 -102.974683665148 -66.1453589642718 21.0004397144283 180.047638571624 290.141027663102 411.818097907346 524.653174742633
MATCH_LRES -0.000151954038187796 4.00727691953762e-05 0.00072746185185224 -0.000661227345972293 -0.000136963112595367 0.000114692435943198 -1.48847255445617e-05 -2.20680495885972e-05 0.0001561707576343 -2.85439851381852e-05 5.97565940552158e-05 -0.000151745293806016 6.92312108867554e-05
GUESS_LAM 380.779683730582 380.397436196188 379.536918938989 379.469610321468 379.07895806934 378.916266140568 381.304584123326 381.381392485594 381.556136042606 381.868115860525 382.078790765527 382.306555665848 382.512770045675
STOP 161
START 162
COEFFS 379.158225553347 0.00198750439641427 -1.73672607656636e-07 5.888721310252e-12 -3.66510012323052e-14 -3.05728946847843e-17
MATCH_LAM 378.32964 378.56001 378.91679 379.03559 379.2374 379.46983 379.53858 380.0198 377.13708 377.00559 376.79007 376.3505
MATCH_PIX -402.169478643167 -292.942202291712 -120.667409888334 -61.3182330417035 39.8696542633369 158.932481097692 194.978044783186 452.0992700071 -935.368514792597 -991.249715841586 -1082.50545698837 -1268.84148120432
MATCH_LRES -0.000161906505127263 -0.000735912606955935 0.00093757055617516 -0.000110450204260815 0.000209124128559779 0.00011517539576289 -0.000544924993334917 8.72007322527679e-05 0.000836454619616234 -1.39409974053706e-05 -0.000806156455837481 0.00018776639655016
GUESS_LAM 378.322658786005 378.561274931966 378.917883513295 379.038261833796 379.240577906167 379.467538413022 379.538940378362 380.015519254681 377.134367264416 377.005832538034 376.788710475402 376.337622531874
STOP 162
START 163
COEFFS 376.830119732429 0.00197475899841007 -1.90522345612443e-07 -6.02211150075207e-12 1.23141535028164e-15 2.78531625885083e-18
MATCH_LAM 375.76941 375.8467 375.62941 375.52121 374.90843 374.7539 374.29231 374.11831 375.25689 375.32421 375.40308 375.4593 376.52401 376.54121 376.79007 376.95854 377.6271
MATCH_PIX -512.238290642497 -476.431633790096 -576.386215519003 -625.858206685385 -897.066622245991 -963.835959308814 -1158.7284659718 -1230.22535494813 -744.408402761242 -714.305379188467 -679.007366748279 -653.891867608728 -152.749950363206 -144.28239207803 -20.1947853280996 65.3777223212577 420.867264808623
MATCH_LRES 3.22760315043524e-05 1.77098033304901e-05 -0.000302210335689779 0.000238926026611352 -0.000407291842407176 -2.26065282049603e-05 0.000434097017205204 -0.000248673702230917 0.000148628770091364 -0.000115580171666352 -6.83107330701205e-05 0.0003457625849137 -4.19236442894544e-05 -3.90462543009562e-05 -9.22475699667302e-05 0.000131018603042321 -1.05482955063962e-05
GUESS_LAM 375.765065481016 375.846797734777 375.62961505786 375.520791024081 374.908556236164 374.75126787089 374.294472106658 374.119589647075 375.256597881184 375.324283348311 375.403077507594 375.458881064864 376.525294724836 376.541242602668 376.79053243211 376.958742948612 377.630150115352
STOP 163
START 164
COEFFS 374.531708474325 0.00196816315620783 -1.80595265256596e-07 -2.69287373778043e-12 -4.84986476437303e-15 -8.21246050342717e-19
MATCH_LAM 374.29231 374.11831 374.597 373.7512 373.36724 373.03683 372.1825 371.94341 373.29854 375.25689 375.4593 374.08551 372.67246 374.7539 375.10219
MATCH_PIX -120.253211067424 -206.171345362397 33.2680881194497 -383.070189338379 -562.659115579756 -712.799413356725 -1084.64622850048 -1184.68201357004 -594.188458510571 381.957108581633 494.031095019527 -222.273383148116 -874.219232577056 114.134929849475 298.039362567043
MATCH_LRES -0.000112665868016393 4.17239333501129e-05 1.4482129586213e-05 -0.000116505918470011 7.03596485323033e-05 -8.99322306509021e-05 5.83041294817122e-05 -3.14819428126611e-05 3.11013299096885e-05 3.48436190620305e-05 -2.72138763079965e-05 0.000176021203913024 -6.55564832641176e-06 -8.72201939046136e-05 4.47417608597789e-05
GUESS_LAM 374.237477278417 374.060395652345 374.598438189489 373.754044522593 373.367062012801 373.03727992965 372.183126902948 371.944156358923 373.29839177138 375.255159152082 375.458961669524 374.085640874104 372.671812043398 374.754012424288 375.102110619379
STOP 164
START 165
COEFFS 372.260575936135 0.00195709381697015 -1.78631792375846e-07 3.86511301406605e-12
MATCH_LAM 371.94341 370.67671 372.1825 372.79027 372.67246 372.53932 372.12151 370.32299 370.0978 370.37739 371.99771 371.13041 372.2115
MATCH_PIX -159.700934102796 -756.194560036891 -39.7933173171576 277.740641597328 214.613248632143 144.160868446604 -70.4168841707884 -912.362324555131 -1009.97939594304 -888.916929879975 -132.758095906438 -549.634848628474 -24.998088592331
MATCH_LRES -4.45879391577364e-05 -0.000103850001380579 8.64275864955744e-05 -0.000173605921645503 5.51702116808883e-05 0.000308529191499929 -0.000366385497841293 -0.000377893473910262 4.53378162319495e-05 0.000372814787056086 0.000111490097310707 0.000127196537050622 -4.06433372290849e-05
GUESS_LAM 371.890515430156 370.679576579315 372.180660057034 372.790813858944 372.672245120155 372.538867734786 372.121529264672 370.324875610272 370.098540541284 370.376860375423 371.99760833992 371.130230185178 372.211556098738
STOP 165
START 166
COEFFS 370.016676275118 0.00194835914993723 -1.74430107272889e-07 -1.87239628975157e-12 -1.54971487655926e-14 -7.7783446863557e-18
MATCH_LAM 370.0978 369.25659 368.24861 368.767 369.06238 369.14117 369.52889 369.8106 370.67671 370.37739 370.32299 369.0895 369.4178 367.55669 369.16141 367.971
MATCH_PIX 41.9246557130105 -377.290252848053 -842.156075448034 -607.834820792244 -469.847674312294 -432.360727761107 -245.098216609669 -104.874079373186 349.927597800372 188.154324652252 159.605866013805 -456.997556615888 -299.16472719809 -1141.57480050942 -422.947412671221 -964.105571952194
MATCH_LRES -0.000253783077255321 -5.60086857603892e-06 -0.000151459259484454 9.92994960142823e-05 2.52981243420436e-05 -0.000232371677725496 0.000253118377088413 0.00017419545025632 -3.8661450332711e-05 0.000330437232776148 -0.00019391140534708 -9.55224129484122e-06 -0.000329166796575464 -1.92906719007624e-05 0.000238998239865396 0.000112453522945088
GUESS_LAM 370.044603224679 369.260489451401 368.197227759528 368.76988942244 369.062395435785 369.141496370582 369.528849437053 369.810570378295 370.674703619601 370.377051778327 370.323327598373 369.089299331891 369.418238194874 367.558869678043 369.161034001307 367.970708601638
STOP 166
START 167
COEFFS 367.800321235042 0.00193720119434822 -1.81175957894429e-07 -6.90939112095064e-12 -9.17582252900601e-15 -1.58840844585607e-18
MATCH_LAM 368.24861 366.32019 366.9968 367.15398 367.55669 367.971 366.81389 367.37935 367.5137 368.04477 365.96289 365.95071 366.37023 367.84804 365.66938
MATCH_PIX 236.699036429579 -716.187773865695 -399.976550382675 -323.994041071257 -124.189916963871 88.8571342063993 -487.020776482262 -213.168933448654 -145.922348184056 127.791550340978 -876.804749550769 -881.860669372405 -693.653634480349 24.5485827710211 -1005.15989251152
MATCH_LRES 2.73626470175259e-05 -0.000225135556263467 7.50328057392835e-05 0.000179284188277506 -0.000267176705392558 -1.94621067635126e-05 -0.000326464739941912 0.000164012358027321 -9.98614826244193e-05 -0.000133531724600289 0.000344229648817418 -0.00040934787449487 0.000392372875751335 0.000272509253250064 2.61534935361851e-05
GUESS_LAM 368.19293599854 366.263663576297 366.993457797856 367.151972816334 367.557119443686 367.970946826975 366.814103694491 367.379181052684 367.513832258744 368.04494143998 365.96236596833 365.951423828843 366.369581150613 367.847667300987 365.669113785566
STOP 167
