112.07 560.31582
179.61 560.60711
324.76 561.22381
#357.94 560.75
#377.02 560.83
#436.31 561.08
469.25 561.82504
888.91 563.48584
1059.80 564.13114
#1227.17 564.19
1313.26 565.05588
#1455.91 565.02
1568.80 565.95954
#1611.64 565.57
1767.0 566.61929
1784.42 566.67517
1797.97 566.72006
1844.0 566.87007
#1856.01 566.41
#1957.06 566.75
#2052.03 567.06
#2088.96 567.18
2154.72 567.86279
2422.71 568.67701
#2930.07 569.73
2962.0 570.20407
#2978.63 569.87
3043.0 570.42336
3213.85 570.86865
3570.0 571.785
#3725.18 571.82
#3750.46 571.88
3982.0 572.69764