140.13 489.3
266.79 489.76
281.06 489.81
367.79 490.11
444.08 490.37
579.35 490.83
782.84 491.5
1021.94 492.25
1059.21 492.37
1094.06 492.48
1216.87 492.85
1315.84 493.15
1373.93 493.32
1427.71 493.47
1468.75 493.59
1578.90 493.91
1884.35 494.75
1921.33 494.85
1985.27 495.02
2107.91 495.34
2195.27 495.56
2239.73 495.67
2374.20 496.01
2542.35 496.42
2647.95 496.66
2775.35 496.96
2827.25 497.08
2887.82 497.21
2926.67 497.3
2961.96 497.38
2994.78 497.45
3124.81 497.73
3255.61 498.0
3299.73 498.09
3649.82 498.78
3687.04 498.85
3762.86 498.99
3908.93 499.25
