325.92 426.90
353.26 426.99426
431.93 427.23032
465.99 427.33569
579.0 427.68073
595.31 427.73138
628.73 427.83232
703.64 428.05679
720.0 428.10678
732.09 428.14145
753.30 428.205
789.0 428.31048
803.0 428.35184
1091.82 429.18098
1255.05 429.625
1290.68 429.73062
1384.41 429.98389
1664.32 430.71758
1719.98 430.86001
1775.33 430.99
1848.0 431.17988
1895.75 431.29975
1949.77 431.43195
1988.22 431.52539
2119.94 431.84157
2192.0 432.01264
2264.0 432.17
2416.0 432.52741
2903.56 433.57331
2977.0 433.72769
3019.0 433.81078
3354.0 434.465
3452.0 434.64367
