398.97 498.26
479.27 498.54
506.08 498.63
780.19 499.55
961.85 500.14
978.87 500.19
1029.79 500.36
1090.26 500.54
1243.09 501.01
1301.88 501.19
1416.98 501.54
1433.89 501.58
1461.99 501.67
1539.76 501.89
1719.20 502.4
1821.19 502.69
1867.80 502.81
1939.22 503.01
1955.92 503.05
2033.02 503.26
2258.61 503.85
2271.87 503.88
2317.93 504.0
2674.76 504.87
2749.94 505.04
2903.79 505.4
2992.14 505.59
3108.69 505.85
3151.12 505.94
3198.98 506.04
3227.72 506.1
3352.02 506.36
3499.02 506.66
3559.18 506.77
3644.21 506.94
3787.16 507.21
3804.12 507.24
3956.71 507.51
