193.97 501.66
478.61 502.67
561.03 502.95
598.62 503.08
656.94 503.28
710.94 503.46
921.63 504.15
958.14 504.27
1237.93 505.14
1414.82 505.67
1482.41 505.87
1543.03 506.05
1570.95 506.13
1603.04 506.23
1639.08 506.33
1660.66 506.39
1862.11 506.97
1906.21 507.09
1953.10 507.22
1968.02 507.26
2050.13 507.49
2070.95 507.54
2083.06 507.58
2125.23 507.69
2147.98 507.75
2190.98 507.87
2240.11 508.0
2262.82 508.06
2467.02 508.61
2660.86 509.11
2681.02 509.16
3046.93 510.07
3123.05 510.25
3261.65 510.57
3324.36 510.71
3393.95 510.86
3511.20 511.11
3534.84 511.16
