156.72 459.64
229.33 459.88
314.83 460.17
414.24 460.5
464.74 460.66
515.10 460.83
740.87 461.54
891.06 462.0
1114.28 462.66
1130.19 462.71
1191.69 462.89
1420.18 463.53
1523.19 463.81
1679.11 464.23
1733.42 464.37
1980.05 465.01
2024.68 465.12
2233.12 465.63
2255.19 465.68
2373.17 465.96
2426.26 466.08
2440.37 466.11
2485.36 466.22
2759.22 466.82
2917.22 467.16
3054.21 467.45
3156.36 467.65
3225.80 467.79
3284.57 467.9
3325.21 467.98
3401.56 468.13
3444.69 468.21
3531.38 468.37
3550.29 468.4
3733.02 468.73
3899.10 469.01
