299.62 482.08
329.92 482.18
370.37 482.32
489.05 482.72
578.06 483.02
604.95 483.11
757.05 483.6
779.08 483.67
858.89 483.93
949.14 484.21
992.02 484.34
1043.32 484.5
1295.20 485.25
1374.25 485.48
1408.03 485.58
1540.70 485.96
1591.01 486.1
1610.33 486.15
1692.83 486.38
1723.27 486.46
1882.67 486.89
2027.12 487.27
2056.15 487.34
2140.65 487.56
2267.77 487.88
2359.24 488.1
2387.82 488.17
2422.16 488.25
2478.44 488.39
2513.04 488.47
2562.26 488.59
2623.02 488.73
2652.21 488.79
2752.93 489.02
2849.42 489.24
2872.02 489.29
3009.48 489.59
3131.89 489.85
3352.01 490.3
3516.98 490.62
3692.12 490.95
