299.19 476.24
414.00 476.67
442.92 476.78
469.11 476.87
556.92 477.19
717.98 477.76
796.10 478.03
833.02 478.16
881.69 478.33
979.03 478.66
1095.13 479.05
1187.05 479.35
1436.47 480.15
1473.26 480.26
1637.05 480.77
1809.50 481.29
1851.87 481.41
1897.12 481.54
1912.15 481.59
1937.19 481.66
1982.75 481.79
1997.08 481.83
2010.08 481.87
2024.33 481.91
2123.57 482.2
2236.08 482.51
2289.71 482.66
2307.91 482.71
2354.17 482.83
2658.16 483.64
2673.18 483.68
2774.34 483.94
2817.76 484.05
2989.40 484.47
3020.93 484.55
3080.21 484.69
3228.68 485.04
3440.95 485.53
3579.78 485.83
3636.59 485.96
3676.35 486.04
3792.92 486.29
3971.22 486.65
