426.21 467.64
513.73 467.92
529.16 467.97
578.23 468.13
621.75 468.27
658.42 468.39
730.67 468.62
757.05 468.7
809.75 468.87
1116.68 469.79
1213.04 470.08
1259.29 470.21
1292.22 470.3
1373.26 470.53
1404.75 470.62
1471.46 470.81
1502.50 470.89
1711.47 471.46
1774.07 471.63
1815.01 471.73
1864.92 471.86
2018.12 472.25
2113.95 472.49
2250.22 472.83
2303.06 472.95
2354.85 473.08
2385.89 473.15
2439.52 473.28
2453.30 473.31
2493.13 473.4
2671.39 473.81
2702.76 473.88
2754.21 473.99
2884.79 474.27
3129.84 474.78
3168.75 474.86
3188.17 474.9
3241.90 475.01
3569.20 475.63
3582.91 475.66
3746.22 475.95
