247.77 463.51
334.98 463.79
446.15 464.15
548.91 464.48
754.06 465.12
795.21 465.24
1000.09 465.86
1017.80 465.91
1166.23 466.35
1202.01 466.45
1542.10 467.41
1648.27 467.69
1667.08 467.74
1715.44 467.87
1726.87 467.9
1779.97 468.04
1824.77 468.16
1913.28 468.38
1945.68 468.47
2010.43 468.63
2174.76 469.04
2391.74 469.56
2512.42 469.84
2570.99 469.97
2585.31 470.0
2612.77 470.06
2678.80 470.21
2715.54 470.29
2755.69 470.38
2840.86 470.56
2880.69 470.65
3151.20 471.2
3168.19 471.23
3233.17 471.36
3256.16 471.4
3287.02 471.46
3352.94 471.58
3376.21 471.63
3687.66 472.17
