275.25 829.98
470.0 831.16310
509.0 831.39151
630.0 832.08550
#666.60 832.57
#816.65 833.42
834.66 833.27389
#1136.43 835.17
#1174.08 835.37
#1358.09 836.34
1502.0 836.83732
1528.0 836.96932
#1607.36 837.6
1635.26 837.50
1931.73 838.94102
1962.0 839.08415
#2043.65 839.7
2260.0 840.42976
2296.13 840.6
#2424.21 841.41
2594.60 841.90397
2624.78 842.03114
2702.17 842.35395
#2785.37 842.94
2933.0 843.24930
#3111.17 844.24
3320.85 844.78077
3348.62 844.88326
#3462.93 845.56
#3696.09 846.39
#3800.0 846.42370
3855.0 846.65624
3898.0 846.79968
#4016.0 847.41536