301.75 453.24
357.25 453.42
370.98 453.47
444.16 453.71
457.76 453.75
624.39 454.28
690.21 454.48
774.32 454.74
821.44 454.89
946.92 455.26
1085.44 455.67
1111.05 455.74
1267.23 456.19
1317.27 456.32
1441.76 456.67
1529.34 456.9
1635.05 457.18
1717.80 457.4
1760.28 457.51
1848.32 457.74
1987.62 458.08
2008.33 458.14
2091.74 458.34
2151.15 458.48
2220.97 458.65
2359.41 458.97
2450.82 459.18
2559.52 459.43
2688.65 459.71
2840.74 460.04
2873.38 460.1
2918.76 460.2
2996.96 460.36
3354.87 461.06
3636.13 461.57
3675.15 461.64
3808.15 461.87
3980.94 462.15
