##267.09 414.12
480.83 415.76
529.21 415.91
548.0 415.96
657.0 416.29122
670.95 416.335
684.0 416.36823
#723.0 416.36469
796.15 416.69407
897.02 416.98092
964.51 417.17087
975.0 417.19604
992.0 417.251868
1239.91 417.92370
##1300.01 417.23
##1313.44 417.27
##1324.67 417.3
1523.0 418.66478
1589.0 418.83205
##1642.75 418.16
#1799.0 419.23620
##1827.21 418.64
##1847.41 418.69
1905.62 419.61181
##2022.01 419.14
##2171.13 419.5
2201.21 420.30
##2282.88 419.77
#2360.0 
##2495.40 420.27
##2518.77 420.33
##2540.94 420.38
#2609.0 421.16430
##2614.03 420.55
2642.0 421.27008
2716.18 421.42539
#2742.35 420.
##2795.67 420.95
##2840.22 421.05
#3065.32 422.00651
3212.87 422.403
3242.0 422.46288
3458.0 422.85778