102.05 551.52
328.06 552.41
358.68 552.53
478.91 552.99
582.20 553.38
748.41 553.99
796.01 554.16
895.20 554.51
1059.17 555.08
1117.76 555.28
1135.69 555.34
1169.96 555.46
1218.72 555.62
1310.25 555.92
1338.99 556.02
1368.93 556.12
1490.80 556.51
1602.78 556.87
1629.57 556.95
1668.61 557.07
1715.60 557.22
1848.30 557.62
1967.98 557.98
2069.91 558.28
2101.88 558.37
2140.16 558.48
2234.06 558.74
2339.70 559.04
2387.13 559.17
2473.03 559.4
2604.92 559.76
2768.15 560.18
2843.13 560.37
2896.98 560.5
3146.73 561.11
3261.84 561.38
3495.87 561.91
3514.74 561.95
3714.01 562.38
3773.76 562.5
