282.34 517.13
330.12 517.32
476.81 517.9
568.69 518.25
661.09 518.6
677.64 518.66
727.84 518.85
745.23 518.91
762.76 518.98
782.58 519.05
875.97 519.39
1008.82 519.87
1160.94 520.41
1180.01 520.47
1224.59 520.63
1287.90 520.85
1386.26 521.18
1463.46 521.44
1519.99 521.63
1696.04 522.2
1752.06 522.38
1847.94 522.69
1916.41 522.9
1945.92 522.99
2065.04 523.36
2105.68 523.48
2131.17 523.56
2418.15 524.4
2820.89 525.52
2902.22 525.73
2962.87 525.89
3157.13 526.39
3227.65 526.57
3475.11 527.17
3627.41 527.53
3793.69 527.9
