276.92 468.73
303.00 468.83
358.13 469.03
383.77 469.12
555.63 469.74
606.85 469.92
621.11 469.97
681.04 470.18
811.34 470.63
883.15 470.88
1101.35 471.6
1144.02 471.74
1327.48 472.33
1352.18 472.41
1494.45 472.85
1713.33 473.52
1728.15 473.56
1769.08 473.68
1824.91 473.84
2024.70 474.42
2053.25 474.5
2364.60 475.36
2481.75 475.67
2511.79 475.75
2612.61 476.01
2664.14 476.14
2705.73 476.25
2808.70 476.51
2988.62 476.95
3034.29 477.06
3075.86 477.15
3096.89 477.2
3166.06 477.37
3216.42 477.48
3256.02 477.57
3426.03 477.96
3609.86 478.36
3641.24 478.42
3672.15 478.49
3755.06 478.66
3924.07 479.01
