-9.18 541.22
263.78 542.3
340.36 542.59
457.68 543.03
508.75 543.22
551.52 543.38
676.88 543.83
720.68 543.99
947.85 544.78
1037.02 545.09
1080.81 545.24
1197.85 545.63
1261.67 545.84
1409.40 546.31
1424.09 546.36
1462.41 546.48
1614.96 546.96
1709.43 547.24
1752.02 547.37
1779.35 547.46
1829.40 547.6
1870.29 547.73
1999.37 548.1
2039.88 548.22
2065.94 548.29
2100.28 548.39
2175.67 548.6
2318.30 549.0
2655.14 549.89
2803.15 550.26
2824.04 550.31
2880.39 550.45
2935.18 550.59
3055.75 550.88
3071.15 550.91
3162.09 551.12
3257.03 551.34
3494.15 551.87
3706.93 552.32
4067.00 553.03
