#139.91 554.63
273.79 555.85887
#304.83 555.35
342.01 556.14351
#446.83 555.95
#540.89 556.34
#620.79 556.66
645.72 557.36410
#675.56 556.88
749.0 557.77526
830.35 558.09068
866.95 558.23047
#933.04 557.89
943.0 558.53129
#1033.99 558.28
#1083.92 558.47
#1157.92 558.74
1214.0 559.51653
1254.90 559.66176
1440.73 560.31582
1525.32 560.60711
#1548.01 560.15
#1580.32 560.26
#1693.43 560.65
1708.39 561.22381
1750.35 561.36256
#1849.85 561.18
1891.78 561.82504
#2145.10 562.14
2191.0 562.76200
2331.0 563.18590
#2432.12 563.03
2655.98 564.13114
#2727.02 563.91
#2877.91 564.34
2993.0 565.05588
3340.94 565.94954
#3400.13 565.75
3641.97 566.67517
3661.24 566.72006
3726.03 566.87007
#3743.79 566.6
#3889.26 566.94
