273.81 536.16402
472.68 536.945
583.84 537.395
646.91 537.63162
660.86 537.68475
753.08 538.03309
760.0 538.06080
863.21 538.44240
893.0 538.55325
964.07 538.81085
1003.75 538.95492
#1071.00 538.58
1130.95 539.40721
#1170.76 538.94
1193.40 539.62611
1305.0 540.02034
#1313.79 539.44
1320.0 540.06763
#1440.15 539.88
1547.0 540.82577
1574.62 540.91564
1670.45 541.22726
#1817.98 541.15
#1882.34 541.36
2093.0 542.55151
2151.36 542.71860
#2175.98 542.28
2336.83 543.26212
2443.16 543.56621
2478.0 543.66344
#2504.95 543.27
2559.0 543.88996
#2615.69 543.59
#2768.92 544.02
2853.08 544.695
3012.30 545.09945
#3069.17 544.83
3120.65 545.37339
#3457.02 545.82
3515.94 546.32547
3553.94 546.41308
3623.83 546.57235
#3681.23 546.36
#3864.73 546.78
3923.10 547.22790
#3960.91 547.0
#4011.37 547.11
