262.92 428.9
342.34 429.16
578.16 429.92
607.14 430.01
682.16 430.25
731.15 430.4
771.23 430.53
816.00 430.67
847.80 430.76
956.30 431.09
1015.76 431.27
1073.83 431.44
1198.09 431.81
1384.77 432.35
1401.81 432.39
1587.42 432.91
1631.28 433.03
1645.58 433.07
1677.78 433.16
1787.12 433.45
1848.67 433.62
1909.26 433.78
1924.43 433.82
1936.17 433.85
2010.40 434.04
2100.02 434.27
2119.76 434.32
2305.70 434.78
2350.77 434.89
2488.87 435.22
2568.04 435.41
2873.90 436.11
2921.14 436.22
3028.64 436.45
3067.13 436.53
3257.84 436.93
3284.25 436.99
3501.16 437.43
