6.00 432.78
258.85 433.62
465.04 434.28
628.90 434.79
675.83 434.93
839.07 435.41
899.70 435.59
968.33 435.79
1055.14 436.03
1201.94 436.44
1266.11 436.62
1370.26 436.9
1407.25 437.0
1643.29 437.61
1679.41 437.7
1761.07 437.9
1790.16 437.98
1933.17 438.33
1952.63 438.37
1978.37 438.44
2112.14 438.75
2157.22 438.86
2196.93 438.95
2242.31 439.05
2261.10 439.09
2345.71 439.29
2376.91 439.36
2395.89 439.4
2653.97 439.96
2741.88 440.14
2771.99 440.2
2858.32 440.38
2895.85 440.45
3094.96 440.84
3136.89 440.92
3202.41 441.05
3393.94 441.4
3503.76 441.59
3710.11 441.95
3806.67 442.11
3826.63 442.14
3890.57 442.24
3906.24 442.26
