33.07 445.66
50.69 445.72
136.10 446.01
172.58 446.13
301.67 446.56
459.75 447.07
555.94 447.37
581.44 447.45
680.02 447.76
809.35 448.15
852.39 448.28
990.03 448.68
1168.97 449.2
1257.18 449.44
1345.05 449.69
1377.87 449.78
1398.47 449.83
1439.35 449.94
1473.71 450.03
1603.41 450.38
1769.16 450.81
1807.37 450.9
1846.05 451.0
1883.29 451.09
1976.92 451.32
2093.37 451.61
2120.00 451.67
2253.22 451.98
2332.10 452.17
2362.28 452.24
2380.92 452.28
2440.16 452.41
2614.35 452.8
2697.83 452.98
2718.84 453.02
2830.39 453.26
2851.27 453.3
3213.08 454.02
3251.82 454.1
3347.09 454.28
3423.08 454.42
3628.63 454.78
3862.10 455.18
3906.07 455.25
