173.08 485.5
238.44 485.73
266.23 485.83
375.13 486.2
432.10 486.4
524.27 486.71
736.92 487.41
770.51 487.52
793.93 487.59
861.79 487.81
1086.19 488.51
1130.68 488.64
1196.77 488.84
1267.33 489.05
1346.00 489.28
1421.00 489.5
1438.47 489.55
1544.30 489.86
1637.72 490.12
1751.88 490.43
1803.94 490.57
1954.20 490.97
2054.59 491.24
2081.78 491.31
2379.90 492.06
2402.13 492.11
2602.49 492.59
2735.61 492.9
2765.71 492.96
2803.93 493.05
2873.44 493.21
2926.66 493.32
3063.38 493.62
3167.16 493.84
3341.33 494.19
3476.86 494.46
3526.97 494.56
3614.11 494.73
3783.33 495.04
