303.61 420.03
318.87 420.08
369.11 420.24
438.72 420.47
456.41 420.52
522.41 420.73
671.81 421.2
767.80 421.49
814.08 421.63
923.70 421.96
985.80 422.15
1031.31 422.28
1213.81 422.81
1273.99 422.98
1312.95 423.09
1392.24 423.31
1531.24 423.7
1551.53 423.75
1586.31 423.85
1676.92 424.09
1692.42 424.13
1759.89 424.31
1785.73 424.38
1830.65 424.49
1870.97 424.6
1917.10 424.72
2010.71 424.96
2030.10 425.0
2082.56 425.14
2126.17 425.25
2167.95 425.35
2204.14 425.44
2337.13 425.76
2592.19 426.36
2632.07 426.45
2748.26 426.71
2775.65 426.78
2798.94 426.83
2968.19 427.2
2993.63 427.25
3185.74 427.65
3236.86 427.76
3497.97 428.28
