172.23 493.41
217.97 493.57
262.12 493.73
552.10 494.73
633.75 495.01
715.14 495.27
883.39 495.82
945.73 496.02
1036.84 496.31
1158.16 496.68
1380.11 497.35
1426.90 497.48
1456.76 497.57
1483.82 497.65
1508.94 497.72
1608.04 498.01
1706.81 498.28
1739.87 498.38
1850.67 498.68
1872.90 498.74
1998.39 499.08
2080.12 499.29
2184.37 499.56
2308.14 499.88
2329.62 499.93
2394.05 500.09
2470.74 500.28
2506.31 500.36
2665.96 500.74
2829.06 501.12
3051.23 501.61
3288.98 502.12
3425.98 502.39
3489.06 502.52
3500.93 502.54
