155.63 523.17
218.11 523.41
527.22 524.54
581.79 524.73
732.24 525.26
752.22 525.32
769.87 525.38
977.70 526.09
1288.85 527.09
1331.22 527.22
1350.81 527.28
1396.94 527.43
1543.06 527.87
1595.62 528.03
1746.16 528.48
1777.86 528.57
1888.16 528.88
1973.88 529.13
2006.81 529.22
2051.19 529.34
2311.02 530.04
2541.20 530.64
2595.38 530.78
2699.68 531.04
2733.15 531.12
2812.94 531.31
2969.14 531.68
3041.61 531.85
3081.73 531.94
3152.78 532.1
3174.62 532.15
3190.15 532.18
3225.52 532.26
3527.91 532.91
3779.28 533.41
3812.25 533.48
