18.47 442.35
155.97 442.81
689.35 444.51
726.80 444.63
870.13 445.05
882.13 445.09
920.08 445.2
936.90 445.25
1101.27 445.72
1171.53 445.92
1274.39 446.21
1324.93 446.35
1514.07 446.86
1540.14 446.92
1629.75 447.16
1660.53 447.24
1718.05 447.38
1779.72 447.54
1936.88 447.93
1989.29 448.06
2104.69 448.34
2158.06 448.46
2379.44 448.97
2440.06 449.11
2489.31 449.22
2599.30 449.46
2666.44 449.61
2701.95 449.68
2717.98 449.72
2926.14 450.15
3139.14 450.57
3238.83 450.76
3287.35 450.85
3499.85 451.24
3564.74 451.36
3780.79 451.72
3889.02 451.9
3930.99 451.97
3956.99 452.01
