298.33 410.62
341.94 410.74
397.28 410.9
434.14 411.01
461.12 411.08
484.28 411.15
621.95 411.53
641.25 411.58
654.85 411.62
762.44 411.91
785.23 411.97
848.01 412.14
891.02 412.25
916.58 412.32
1060.62 412.69
1283.89 413.25
1467.18 413.69
1609.87 414.03
1626.98 414.07
1680.67 414.2
1726.99 414.3
1827.69 414.53
1992.92 414.9
2053.11 415.03
2099.53 415.13
2140.94 415.22
2233.01 415.41
2343.73 415.64
2426.61 415.81
2736.94 416.41
2808.20 416.55
2836.74 416.6
3020.12 416.93
3038.94 416.97
3211.18 417.27
