398.45 440.38
457.08 440.57
533.90 440.81
602.15 441.02
715.08 441.36
757.01 441.49
878.20 441.85
946.33 442.05
1072.14 442.41
1135.32 442.59
1179.24 442.71
1208.86 442.79
1386.92 443.28
1445.34 443.43
1753.25 444.23
1779.67 444.3
1824.97 444.41
1999.22 444.84
2013.93 444.87
2060.48 444.99
2080.98 445.03
2192.88 445.3
2259.14 445.45
2283.23 445.51
2370.18 445.7
2498.13 445.99
2561.34 446.13
2799.26 446.63
2946.25 446.93
2985.62 447.01
3138.75 447.31
3343.16 447.69
3411.97 447.82
3565.07 448.09
3878.05 448.62
3938.62 448.72
