263.0 423.72200
295.92 423.82
363.16 424.03
480.91 424.44
497.92 424.53
629.95 424.83908
694.71 425.034
732.18 425.24
804.19 425.35381
897.87 425.62537
941.18 425.74961
977.13 425.85200
1041.19 426.03330
1356.74 426.90
1388.77 426.98126
1503.63 427.28740
1522.11 427.33
1547.83 427.40246
1805.0 428.05679
1825.56 428.10678
1840.0 428.14145
1865.02 428.203
1908.12 428.3105
1925.28 428.35184
2275.80 429.18098
2521.0 429.73062
2637.09 429.98389
2990.02 430.71758
3225.99 431.17988
3288.86 431.29975
3360.0 431.43195
3410.0 431.52539
3585.95 431.84157
3683.88 432.01264