116.04 527.57
153.62 527.72
271.56 528.16
313.80 528.32
459.96 528.86
547.96 529.18
642.20 529.51
881.88 530.34
946.58 530.56
1007.72 530.76
1061.11 530.94
1103.03 531.08
1183.31 531.34
1209.04 531.42
1257.21 531.57
1270.05 531.62
1332.12 531.81
1388.64 531.99
1443.28 532.16
1526.60 532.41
1542.86 532.46
1580.74 532.58
1697.98 532.93
1945.07 533.65
2005.77 533.82
2032.27 533.89
2086.13 534.04
2110.12 534.11
2433.39 534.98
2586.78 535.37
2871.75 536.07
3174.02 536.78
3360.07 537.19
3574.46 537.64
3771.01 538.04
3910.11 538.3
