120.20 546.62
131.89 546.67
162.86 546.79
360.04 547.56
393.93 547.68
455.25 547.92
487.56 548.04
641.67 548.61
668.65 548.7
727.67 548.92
974.95 549.79
1098.11 550.21
1210.76 550.59
1269.12 550.78
1310.35 550.91
1400.59 551.21
1459.95 551.4
1549.60 551.68
1647.03 551.98
1683.64 552.1
1722.15 552.21
1874.07 552.67
2005.37 553.06
2095.01 553.32
2176.28 553.55
2218.00 553.66
2279.21 553.84
2310.76 553.92
2407.32 554.19
2620.95 554.75
2672.46 554.89
2697.86 554.95
2721.47 555.01
2831.13 555.29
3031.45 555.78
3385.67 556.6
3439.59 556.72
3504.83 556.86
3691.04 557.26
3861.83 557.6
