326.96 514.92
551.30 515.72
568.77 515.78
779.49 516.5
853.17 516.75
977.35 517.16
990.65 517.2
1037.98 517.36
1321.08 518.25
1426.93 518.57
1478.20 518.73
1512.11 518.83
1529.65 518.88
1588.82 519.06
1755.07 519.54
1771.04 519.59
1834.86 519.77
1885.76 519.91
1900.04 519.95
2001.64 520.23
2022.44 520.29
2085.64 520.46
2129.71 520.58
2154.73 520.65
2260.27 520.93
2273.09 520.96
2353.95 521.17
2490.89 521.52
2514.14 521.58
2540.82 521.65
2589.87 521.77
2638.18 521.89
2662.85 521.95
2720.70 522.09
2803.14 522.28
2931.94 522.59
3010.01 522.77
3033.90 522.82
3108.87 522.99
3345.20 523.5
3421.29 523.66
3552.75 523.93
3914.25 524.63
3982.88 524.75
