229.20 474.29
283.08 474.47
367.26 474.76
547.04 475.36
638.17 475.66
792.26 476.15
897.18 476.47
1270.11 477.59
1343.35 477.8
1423.89 478.03
1563.44 478.42
1598.66 478.52
1630.62 478.61
1737.92 478.9
1768.05 478.98
1895.94 479.32
1941.96 479.44
2032.37 479.67
2078.09 479.78
2138.53 479.94
2178.01 480.03
2259.94 480.24
2388.03 480.55
2556.66 480.94
2711.10 481.29
2839.52 481.58
2886.94 481.68
2950.66 481.82
3283.11 482.51
3326.87 482.59
3463.99 482.86
3497.69 482.92
3559.35 483.04
3578.77 483.08
3596.29 483.11
3751.68 483.39
3908.27 483.66
3984.11 483.79
