106.92 572.37
309.99 573.2
395.72 573.54
409.52 573.59
534.24 574.08
570.72 574.22
720.74 574.8
928.71 575.57
945.79 575.63
1127.26 576.28
1155.08 576.37
1242.64 576.68
1397.07 577.21
1450.56 577.38
1513.87 577.6
1534.83 577.66
1657.15 578.06
1668.83 578.1
1712.29 578.24
1774.08 578.44
1839.20 578.64
1912.57 578.87
2329.09 580.11
2420.41 580.37
2541.87 580.71
2704.80 581.16
2726.14 581.21
2820.97 581.46
3236.47 582.51
3257.04 582.56
3325.87 582.73
3354.11 582.79
3527.02 583.19
3572.28 583.29
3609.04 583.38
3932.78 584.07
