75.02 581.70340
#86.90 581.18
#264.92 581.99
#285.18 582.08
460.24 583.39875
#521.61 583.11
616.0 584.05685
657.0 584.22591
956.12 585.43033
976.0 585.50971
992.80 585.57431
1243.0 586.53444
1326.0 586.84383
1368.75 587.00009
1409.09 587.14781
#1428.30 586.73
1446.0 587.28097
1484.87 587.42301
#1551.90 587.18
#1597.14 587.35
#1738.70 587.85
1859.23 588.73323
1883.77 588.81626
#1985.85 588.71
2031.22 589.30835
#2087.16 589.05
#2139.13 589.23
2168.48 589.75580
2182.13 589.79972
2291.0 590.14790
#2460.96 590.27
2475.79 590.72073
#2586.91 590.67
#2613.38 590.75
2663.99 591.28683
2771.0 591.60245
#2781.59 591.26
#2852.92 591.47
2931.05 592.05856
3165.20 592.70460
#3182.92 592.70460
3195.86 592.78739
3336.0 593.15770
#3385.65 592.98
3641.0 593.93083
#3673.35 593.73
#3688.39 593.77
3934.22 594.62842
#3972.06 594.46
