161.59 449.41
337.02 449.99
354.17 450.05
388.40 450.16
416.94 450.25
524.76 450.59
661.79 451.02
693.32 451.12
725.12 451.22
755.78 451.31
887.73 451.71
949.19 451.89
1057.19 452.21
1145.10 452.46
1160.07 452.5
1413.18 453.21
1429.63 453.25
1442.19 453.28
1517.63 453.49
1534.00 453.53
1735.42 454.06
1815.30 454.26
1844.98 454.34
1875.29 454.41
1917.76 454.52
1975.41 454.66
2129.44 455.04
2276.31 455.38
2300.87 455.44
2332.66 455.51
2386.78 455.64
2747.55 456.44
2858.89 456.67
2994.19 456.95
3082.45 457.13
3100.92 457.16
3125.09 457.21
3156.06 457.27
3270.71 457.49
3454.31 457.83
3481.80 457.88
3768.59 458.39
3922.04 458.64
3959.94 458.7
