267.63 407.77
364.36 408.05
693.19 408.96
759.15 409.13
914.29 409.54
928.43 409.58
967.99 409.68
995.89 409.75
1048.94 409.89
1064.18 409.93
1326.64 410.58
1375.10 410.69
1391.54 410.73
1434.49 410.84
1493.64 410.98
1584.66 411.19
1656.11 411.36
1679.06 411.41
1695.12 411.45
1718.91 411.5
1765.90 411.61
1822.96 411.74
1850.14 411.8
1906.21 411.92
1924.96 411.96
1976.65 412.07
2007.34 412.14
2138.68 412.42
2181.05 412.51
2452.84 413.07
2494.75 413.15
2678.71 413.51
3357.79 414.71
3485.15 414.91
3580.68 415.06
