268.11 454.51
371.79 454.88
531.98 455.45
600.23 455.69
635.09 455.81
734.96 456.15
1010.88 457.06
1122.33 457.42
1195.54 457.65
1282.23 457.92
1384.52 458.24
1504.28 458.6
1529.90 458.68
1565.48 458.79
1626.24 458.97
1901.09 459.76
2111.77 460.35
2159.90 460.48
2238.00 460.69
2362.28 461.02
2382.19 461.07
2459.13 461.27
2544.68 461.49
2614.86 461.67
2747.37 462.0
2878.82 462.32
2918.85 462.41
3079.59 462.79
3150.04 462.95
3407.75 463.53
3457.95 463.63
3475.00 463.67
3534.85 463.8
3817.93 464.38
3848.29 464.44
