410.73 405.45
639.68 406.08
761.88 406.41
899.85 406.77
968.80 406.95
1123.08 407.34
1157.94 407.42
1277.10 407.72
1344.98 407.88
1445.05 408.12
1480.01 408.2
1529.17 408.32
1560.77 408.39
1595.63 408.47
1611.99 408.51
1732.10 408.78
1795.95 408.93
1810.56 408.96
1927.93 409.22
1995.82 409.37
2012.85 409.4
2060.33 409.5
2093.95 409.58
2157.92 409.71
2176.33 409.75
2275.94 409.95
2369.97 410.15
2382.93 410.17
2433.08 410.27
2495.68 410.4
2575.42 410.55
2628.40 410.65
2701.56 410.79
2814.84 411.0
2831.00 411.03
2933.13 411.22
3115.39 411.54
3150.11 411.6
3312.93 411.87
3352.80 411.93
3581.29 412.29
