68.01 436.13
594.62 437.82
692.41 438.11
834.67 438.54
850.67 438.58
871.87 438.65
1102.82 439.31
1171.34 439.5
1205.02 439.59
1234.29 439.67
1419.05 440.17
1489.09 440.36
1512.98 440.42
1581.29 440.6
1610.98 440.67
1663.37 440.81
1739.23 441.0
1755.08 441.04
1766.93 441.07
1850.31 441.28
1997.49 441.63
2080.69 441.83
2235.04 442.19
2320.87 442.39
2378.80 442.52
2404.20 442.57
2626.30 443.06
2800.91 443.42
3090.94 444.0
3124.92 444.07
3430.02 444.64
3490.72 444.74
3518.77 444.79
3757.85 445.2
3909.93 445.44
