#144.02 587.12
#179.67 587.28
384.35 588.73323
403.0 588.81626
#482.65 588.63
517.65 589.30835
#560.79 588.96
#600.76 589.13
#623.41 589.23
717.0 590.14790
857.75 590.72073
#941.71 590.55
1000.0 591.28683
1080.09 591.60245
1198.37 592.05856
1369.99 592.70460
1392.21 592.78739
1493.11 593.15770
#1528.86 592.81
#1694.94 593.42
1709.0 593.93083
#1731.98 593.55
#1857.23 594.0
1912.0 594.62942
#1936.92 594.28
#2035.03 594.61
2242.0 595.72112
#2318.17 595.56
2700.22 597.13905
#2747.14 596.91
#2834.12 597.18
2882.62 597.67206
#2930.88 597.47
3287.0 598.79243
3389.0 599.07037
3468.37 599.26658
#3591.42 599.3
