#266.68 435.97
471.82 436.71572
#503.03 436.69
#573.34 436.90
#586.0 436.94947
599.0 437.11036
#720.75 437.37
#737.0 437.41
#759.25 437.47851
872.72 437.94070
#982.0 438.14018
998.04 438.30911
#1095.0 438.46560
#1134.0 438.59
1203.0 438.89674
1324.16 439.23445
#1421.0 439.37590
#1491.11 439.58
#1576.0 439.79149
1715.0 440.28173
1760.0 440.41635
#1918.55 440.68
#2003.84 440.88
#2162.11 441.26850
#2250.04 441.45
#2297.82 441.57
2561.0 442.32899
2307.0 441.75782
2638.0 442.49623
3040.0 443.34966
3075.0 443.42074
#3092.20 443.09960
3481.0 444.21127