273.0 417.88481
285.0 417.92202
298.99 417.96179
#310.15 417.14
721.0 419.23620
#744.16 418.5
#761.09 418.55
810.0 419.49360
#939.68 419.08
1054.34 420.18467
#1294.85 420.11
1313.74 420.88907
#1331.69 420.21
#1390.77 420.37
1472.86 421.30669
#1493.81 420.66
#1509.00 420.7
#1536.46 420.77
#1571.91 420.87
1602.0 421.63722
#1775.96 421.41
#1864.39 421.64
1886.77 422.34493
#1919.92 421.78
#2006.08 422.0
2052.08 422.73872
2127.31 422.91476
2182.63 423.04267
#2199.90 422.48
2405.66 423.54636
#2527.81 423.26
#2626.07 423.49
2666.11 424.10948
#2825.29 423.93
#2869.04 424.03
2984.0 424.75988
3003.0 424.79888
3024.0 424.83908
3122.80 425.03146
#3180.73 424.69
#3292.94 424.91
3441.0 425.62537
3510.89 425.74961
3569.0 425.85200
3673.81 426.03330
