258.99 578.45
449.77 579.22
771.74 580.46
841.59 580.73
934.00 581.07
970.20 581.2
1057.06 581.51
1073.02 581.57
1144.10 581.83
1374.86 582.63
1450.34 582.89
1465.25 582.94
1514.96 583.1
1553.89 583.23
1659.04 583.58
1691.01 583.68
1716.95 583.76
1895.08 584.33
1941.40 584.48
2020.47 584.72
2143.33 585.09
2297.01 585.55
2365.01 585.74
2588.41 586.38
2615.19 586.45
2637.10 586.51
2821.18 587.01
2973.11 587.4
3143.87 587.83
3225.72 588.04
3303.95 588.23
3397.27 588.45
3661.25 589.05
3835.16 589.43
4092.02 589.96
