START 103
DY0 2450
AUTO 0
COEFFS 596.213376814244 0.00310284411750153 -2.67456255175587e-07 6.43245809459406e-12 -2.0798594433991e-15
MATCH_LAM 589.98441 591.12296 591.46709 591.43856 589.59281 589.14512 590.55707 591.89442 591.67282 588.57012 590.26021 592.62319 592.54036 592.99343 593.88252 594.4647 596.97373 597.36649 597.50648 599.10068 599.41287 598.90447 595.96736
MATCH_PIX -1732.06378599208 -1449.96631598609 -1362.05905631776 -1369.63436308766 -1826.22744108332 -1931.93546749539 -1591.92146685209 -1251.05122947682 -1309.06424846854 -2065.19478007669 -1665.02810293072 -1057.36964959904 -1079.75338455485 -956.703170032252 -707.202345640086 -538.141196540768 250.23372381618 384.259459490252 432.793083085604 1018.60014020767 1141.39926189493 942.743208271669 -78.6751342920159
MATCH_LRES -0.000118014608233352 -0.000294746087661224 -0.000431137141390536 0.000511738309114662 0.000239479194760861 -0.000158963526814659 0.000276346791565629 -0.000846274212790377 0.000129174695643997 -7.90512565345125e-05 0.000307218958482736 -0.000105268262132086 3.26817040559035e-05 0.000726581762364731 4.14857362329712e-05 -0.000277434614986305 0.00057159938296536 -1.22947492400272e-05 -0.000137578860858412 -0.000315170229555406 0.000314117011839699 -0.000133060284042585 -0.000241429926177261
GUESS_LAM 590.066004145629 591.094359966188 591.432101464727 591.437689582104 589.593708823476 589.147308008001 590.556435530528 591.894555783693 591.67222748849 588.571516182025 590.259788353959 592.619401186327 592.540315888878 592.991438087912 593.885991607255 594.465655572978 596.973699144065 597.368693802058 597.507966393118 599.104429216798 599.41207633231 598.904678537919 595.967771238415
STOP 103
START 104
DY0 2450
AUTO 0
COEFFS 590.477039305267 0.00307087048387642 -2.63237519114344e-07 6.96946569695338e-12 -2.98081167174724e-15 -3.90736532051803e-19
MATCH_LAM 587.11828 587.05526 586.98507 586.83745 586.37184 585.41201 585.26802 585.34745 584.59188 584.38069 583.89502 583.23701 582.27933 588.57012 588.65314 589.14512 589.98441 591.12296 591.46709 591.43856 592.54036 592.62319 592.58919 592.99343 593.88252 593.8457 590.89256 590.55707
MATCH_PIX -1004.02610104878 -1021.25613653442 -1040.79146225162 -1080.98858815004 -1206.6156341649 -1456.87446001439 -1493.40464551035 -1473.54482877493 -1663.15493596996 -1714.97746216868 -1833.12915550224 -1989.29871131802 -2209.92250620198 -590.577820157828 -565.975937529731 -418.469126791284 -158.546237361619 214.54005888009 331.850256280938 321.811346976016 715.217916102325 745.997837561999 733.01322420416 885.901637362961 1238.99351733018 1223.57848173477 137.11831761271 25.9825179492589
MATCH_LRES -0.00047933366226971 -0.000854904455763972 0.000195860237909073 -0.000113624093728504 0.000976731211608239 -2.44844519556864e-05 -0.00074238101217361 0.000690943490212703 0.000208459586815479 -0.000512787832690265 0.000359438599616624 -6.50130143640126e-05 -1.55288439600554e-05 0.000251374533718263 8.7677967712807e-06 -0.000160483292916069 0.000892253210736271 -0.000850220468237239 -0.000246513959609729 0.000342317681884197 -6.19851374494829e-05 -9.69759630606859e-05 0.000800043321532939 -0.000300440684213754 -0.000301257104865726 0.000299961628456913 -0.000619551827867326 0.000419335722767755
GUESS_LAM 587.146402182271 587.05599468823 586.985196203666 586.838915785811 586.376534923291 585.415173817902 585.26845001337 585.346386293508 584.589704461371 584.381822208133 583.895321421615 583.239856863926 582.281429528017 588.566054168409 588.653296906025 589.145669192997 589.984325620249 591.127394821386 591.469391820875 591.439016933691 592.546848312998 592.625705423385 592.589553708395 592.996922801514 593.894153462096 593.848542224597 590.89322436563 590.556566263984
STOP 104
START 105
DY0 2450
AUTO 0
COEFFS 584.851928769273 0.00304091406089949 -2.62574903982205e-07 6.56244179992011e-12 -2.02483450494068e-15 -6.84506456908553e-20
MATCH_LAM 581.29725 581.54219 582.27933 583.23701 580.41411 580.08291 579.60679 579.24302 578.9645 577.39458 576.81812 576.35288 576.05508 583.89502 585.41201 585.34745 585.26802 586.37184 587.05526 586.98507 587.11828 588.57012 588.65314 584.59188 584.38069
MATCH_PIX -1067.0849255016 -999.344537664751 -790.791236719293 -508.557847517702 -1305.61633490204 -1392.46366613718 -1515.77433772153 -1607.77837224963 -1677.9368023365 -2057.0862694532 -2190.85887907854 -2296.15254009777 -2363.110730772 -306.598684934821 187.199670612466 165.256486632596 138.678210482437 523.146528692672 775.926385349394 749.250422859542 799.482784369118 1385.23967364907 1421.06348766209 -84.9285927126238 -152.764059585093
MATCH_LRES -0.000274605679692286 -8.62618697965445e-05 0.000346784761063645 0.000468235422317775 0.000271799308052323 -0.00056327269396661 0.000480856688000131 -0.000981359817956218 0.00044747105823717 4.76113765444097e-05 0.000932242517137638 -0.000907043559209342 0.000161682279781417 0.000321090762554377 -1.58276817501246e-05 0.000133202002984945 -0.000584291541827042 0.000144459451234979 -0.000420387639451292 3.24235440984921e-05 0.000519635942055174 9.60272643624194e-06 -4.96442021358234e-05 0.000109825091954008 -0.000544226886972865
GUESS_LAM 581.32531895953 581.54081887874 582.276275222087 583.236891275109 580.421295093018 580.084423392718 579.60589768689 579.244956577836 578.963250896759 577.396360450333 576.817618451929 576.35517290333 576.054921476869 583.896817719009 585.417856021107 585.348355103009 585.269136791341 586.375622556188 587.061060571336 586.985933061892 587.1189493809 588.589295383514 588.657899720597 584.591871959078 584.381337432971
STOP 105
START 106
DY0 2450
AUTO 0
COEFFS 579.331747304377 0.00301121177088817 -2.60092578977123e-07 6.64289978266111e-12 -1.95540715428578e-15 -7.16538050517169e-20
MATCH_LAM 576.81812 576.77785 577.39458 576.35288 574.93883 574.87412 576.05508 574.20838 574.1829 572.01828 572.53882 570.7103 579.24302 579.60679 580.08291 580.41411 581.29725 581.54219 582.27933 583.23701 578.9645 573.2975
MATCH_PIX -780.961045040762 -792.425429604734 -610.408473418718 -914.907413838245 -1305.14206485515 -1322.37247117943 -999.156402917182 -1497.2121426534 -1503.84617675664 -2040.12376042291 -1915.37237713675 -2342.79096874058 -29.2925553191586 92.119584886533 255.022531902574 371.146241496958 693.465306857283 786.687762152371 1077.55013819731 1482.90313092121 -120.638698649699 -1728.8755189423
MATCH_LRES 0.000512912405042698 -0.000360385332328406 -0.000411778805528229 0.000236080463082544 0.000353148906469869 0.000182638612614028 0.000161721721951835 -0.000327666743373811 -0.000192030324910775 5.76507441110152e-05 2.74938747679698e-06 2.48460607963352e-05 -0.000297875170758743 -0.000146784085131912 4.95251431402721e-05 0.000288384307737033 0.000657196050610764 6.10707207897576e-05 -0.00072272678983154 0.000178873940740232 -0.000181251211301969 -0.00012630042613182
GUESS_LAM 576.843273381314 576.778646087041 577.397591806645 576.352813021297 574.946004255056 574.874321949568 576.055208700417 574.209506736326 574.182774718724 572.015219880023 572.539261506782 570.715909358787 579.245028891124 579.60733902389 580.084252082033 580.415613775576 581.298694979293 581.543262397636 582.281383415178 583.236060781077 578.9647945862 573.29775026493
STOP 106
START 107
DY0 2450
AUTO 0
COEFFS 573.915497212902 0.00298315447515782 -2.57256634722333e-07 6.02014155174068e-12 -2.52169307180829e-15 -1.61590925332459e-19
MATCH_LAM 570.7103 570.09176 568.51921 567.70529 567.49864 566.56283 566.51792 565.79255 572.01828 572.53882 573.2975 574.93883 574.87412 575.30259 576.05508 576.35288 576.77785 573.60297 574.20838 577.39458 576.81812
MATCH_PIX -987.640439208592 -1160.81037159177 -1580.76979410121 -1787.22199459921 -1838.56801189308 -2065.4800407376 -2076.33503525251 -2246.48388001625 -603.98952625051 -444.221254522436 -203.6363347738 353.790635277331 330.743777593652 485.155860933294 767.416344523497 883.665492934808 1054.03046181046 -103.954547308828 99.0451170179679 1313.1992358841 1070.27730818458
MATCH_LRES 7.06967200585495e-05 -0.00055761503267604 0.000165592800954073 0.000220100433011794 0.000322790633163095 -0.000641351944182134 4.87853719732811e-05 0.000187494528518073 7.39912242124774e-05 -0.000108367494817685 0.00020440184812287 -0.000105267437106704 -8.23143990373865e-05 -0.000193413928627706 -3.63155905915846e-05 -0.000374625086237756 9.71934600784152e-05 0.000372371754224332 -6.60311707179062e-05 -0.00025929033176908 0.000661171539832139
GUESS_LAM 570.734946299264 570.094055226507 568.537234819086 567.70891726101 567.498940686419 566.567734439977 566.519791737495 565.796637426537 572.02081574824 572.540009184943 573.299227271614 574.947868636905 574.874320123811 575.304381645227 576.060753985568 576.357020003563 576.777573656369 573.60430087045 574.208839016435 577.405480269759 576.817238121168
STOP 107
START 108
DY0 2450
AUTO 0
COEFFS 568.599544970249 0.00295517573537735 -2.55936818642748e-07 6.25075182268895e-12 -1.86927713720186e-15 -4.33638902904242e-20
MATCH_LAM 566.51792 566.56283 565.79255 565.4023 564.8991 561.20679 561.06809 560.45154 560.1603 561.53188 560.63861 563.97461 570.09176 570.04584 570.7103 572.01828 572.53882 568.51921 567.70529
MATCH_PIX -665.248728687916 -651.826627549224 -880.961397082491 -993.451363632422 -1136.26979456923 -2091.80730065445 -2124.87737802457 -2269.99608507096 -2337.63466770573 -2013.28884173888 -2226.75217163385 -1389.91666629774 528.871921793226 511.898362601007 764.030693052078 1300.65208031523 1532.33356616694 -27.0391204573993 -295.055786351943
MATCH_LRES -0.000230986799124366 0.000352641808035514 0.000408125872809251 -0.000918304870083375 7.83301877618214e-05 6.16223770748547e-05 -0.000288658140789266 -0.000820428536940199 9.16280778255896e-05 -0.000359387681328371 0.00115227173603216 0.000484806724443843 0.000115871448542748 -9.75075987525997e-05 0.000171802306795144 -0.000195792041495224 9.3651302336184e-05 -0.000242373999185475 0.000142689621952741
GUESS_LAM 566.546363431985 566.562515598971 565.788832490871 565.404180794395 564.899827443585 561.201136550633 561.068093233553 560.450326671731 560.158405378558 561.532775476405 560.637162624068 563.974883757448 570.16817806109 570.047211210431 570.694205416982 572.020328905482 572.540109255423 568.519544598228 567.705096177247
STOP 108
START 109
DY0 2450
AUTO 0
COEFFS 563.379497085714 0.0029276371508691 -2.48747200231916e-07 7.82876502159242e-12 -4.39833799649702e-15 -1.08096917311653e-18
MATCH_LAM 559.5063 560.1603 560.45154 560.63861 561.20679 561.53188 558.70263 557.62041 557.33535 557.11909 556.79986 556.42011 555.70449 555.13719 555.83418 561.99755 563.02969 564.58947 566.56283 566.51792 566.4621 565.79255 565.4023
MATCH_PIX -1194.85617886855 -1009.02328176971 -924.526933124773 -869.253095064813 -699.582223988709 -599.910767932283 -1415.75021266113 -1701.07890737263 -1774.11838573181 -1828.84827651448 -1908.46775203238 -2002.37115712231 -2175.85571060166 -2310.57029018299 -2144.86446550481 -454.046563845772 -118.313932815612 428.48643080459 1211.65138151515 1192.09015454941 1167.99143717163 891.074905545135 736.678197789674
MATCH_LRES -0.00027276069454274 -0.000415325478911654 8.85842200659681e-06 -0.000959126394604937 0.000709352525291251 0.00040227508281987 0.000249066070864501 0.000814616247907907 0.00104905087960105 0.000754433683482603 -0.000937452315270093 -0.00105709629190187 -0.00072312656197937 0.000945078558061141 -0.000318566826877031 -0.000483311779021278 6.8991850639577e-05 0.000738247315894114 -0.000380404140514656 0.000127144948123714 0.000550762975763064 -0.000341015181447801 -0.000529694702663619
GUESS_LAM 559.53058483531 560.159885169209 560.451346390697 560.64007397721 561.209846871288 561.534837572075 558.704367167963 557.621236381737 557.335176000664 557.119352662515 556.80149041121 556.419619237491 555.700699583324 555.132782055251 555.834819886658 561.997805995655 563.026909433987 564.592080399889 566.589762563768 566.517613868122 566.461285857864 565.792106954531 565.40265960681
STOP 109
START 110
DY0 2450
AUTO 0
COEFFS 558.258296083895 0.00290231015741339 -2.51596250188602e-07 5.99391610799863e-12 -1.85192097212264e-15
MATCH_LAM 554.28901 554.81758 555.70449 555.83418 556.42011 556.79986 557.11909 557.33535 557.62041 551.4873 550.99932 550.43018 549.92549 553.99102 553.92612 553.86087 555.13719 558.70263 560.1603 559.5063 561.53188 561.20679 560.45154 552.72953 552.82272
MATCH_PIX -1231.04657076893 -1080.87653550407 -820.147618166576 -781.129375498824 -601.348852221074 -481.932567763035 -379.841790088494 -309.672949785717 -215.807964054099 -1970.8388239264 -2090.94234401639 -2228.19790156095 -2347.40685186934 -1314.03069653023 -1331.96660198985 -1350.17015632403 -988.089994755723 155.116358207522 696.921290754124 447.132342616847 1263.84170062158 1123.41668382228 812.041384241336 -1653.75983028198 -1629.11660048074
MATCH_LRES 0.000316497108201474 0.000357989697818084 -0.000104551555182297 2.46517477080488e-05 -0.00035724301449136 -0.000511985305024609 -0.000120106965368905 0.000143304854191229 0.000237434660789404 6.53529880310089e-05 -0.000230581863661428 -9.44686487400759e-05 0.000234327927500999 -5.09725214214996e-06 -3.69868653251615e-05 0.00074336441525702 -0.000175989289800782 0.000170513998455135 -6.9736504087814e-05 0.000126346439287772 2.17690374029189e-05 -2.7472224360281e-05 -5.09532341084196e-05 1.57775268689875e-05 -0.000672158013799162
GUESS_LAM 554.287874168626 554.826293790321 555.706089106264 555.833884928552 556.419132201315 556.798941076238 557.117565537213 557.333977862022 557.618922027363 551.507940406141 551.005369342519 550.437743663201 549.934528855767 553.991477932685 553.92644736563 553.86032911405 555.137462275148 558.701857319399 560.161705181417 559.506198994891 561.536826459611 561.206778655349 560.451666314201 552.729680848204 552.823526616663
STOP 110
START 111
DY0 2450
AUTO 0
COEFFS 553.227713626169 0.00287683308055966 -2.4901052064823e-07 6.25233394873496e-12 -2.35633543562626e-15 -2.32673897765506e-19
MATCH_LAM 550.43018 551.4873 550.99932 550.12814 549.92549 549.96478 549.61372 549.26431 547.07591 545.22187 549.3204 547.90751 552.82272 552.72953 553.99102 553.92612 553.86087 554.28901 554.81758 555.70449 555.83418 556.79986 557.11909 556.42011 546.42055
MATCH_PIX -900.189702566943 -575.79669486911 -727.652813870218 -989.879197496912 -1049.17008120967 -1037.7729581541 -1139.30534752856 -1238.9918612425 -1828.29678599852 -2286.87658275852 -1223.20213665911 -1610.98255159493 -139.01177381874 -170.702621915174 271.700844566562 248.058111236685 224.551577365796 381.226566462861 581.481761678393 935.638907055088 989.797916866374 1411.96389430591 1560.85968080636 1240.74180660077 -1994.25204105221
MATCH_LRES -8.39587527252661e-05 5.26149088955208e-05 -0.0001901873188217 0.000244908388708609 -5.61222528858707e-05 0.000184404585866105 -0.000412885709806687 -9.35601599394431e-06 4.65097031110417e-05 6.68140372681592e-05 0.000290995488967383 5.92583726302109e-05 -0.000250345817903508 0.000188404174195966 -6.15308041460594e-05 2.06211442446147e-05 -0.000349741584955154 0.000466028107439342 0.000291680914187964 -6.026045764429e-05 -0.000641665679381731 -0.000328957009173791 6.95330782036763e-05 0.000652235176062277 -0.000188996864949331
GUESS_LAM 550.455101763987 551.494654762437 551.002906726785 550.126573855816 549.926527685044 549.964673472078 549.614825757638 549.26380296445 547.080329426041 545.215047371324 549.320066806816 547.90723293191 552.822963396756 552.728957070667 553.997401539798 553.926119328392 553.861123186048 554.289368707284 554.82002983828 555.709172758168 555.83536360987 556.790792845753 557.117696060744 556.419491872282 546.420837701471
STOP 111
START 112
DY0 2450
AUTO 0
COEFFS 548.287366339354 0.0028520976968617 -2.48666617434777e-07 5.72393363196707e-12 -1.59449958644083e-15 7.01692286836415e-20
MATCH_LAM 546.17358 545.22187 544.31187 543.73877 543.58925 543.41514 543.11118 542.56782 542.40079 542.18359 541.74858 541.07681 540.76528 547.07591 547.90751 549.3204 549.26431 549.61372 549.92549 550.43018 550.99932 551.4873 551.89893 544.94788 548.41467 548.86287 550.12814 549.96478
MATCH_PIX -697.821173769461 -987.319764451023 -1251.88508799798 -1412.79128383921 -1454.08864793079 -1501.90065162426 -1584.27731707511 -1729.01473731411 -1772.85448546627 -1829.13072728745 -1940.92106312996 -2109.25139391617 -2185.92515778267 -409.937135041154 -131.704387162429 374.131024897569 353.289906628617 485.505793015352 605.948716567738 807.137829124893 1044.46864350756 1257.03995484263 1444.39146905082 -1068.17740808722 44.833418843184 205.550516116394 685.872143604885 621.531362580592
MATCH_LRES -0.000108136496464795 -7.36928340074883e-05 7.89353442769425e-05 4.40832066033181e-05 4.33590334978362e-05 0.000300904071650621 -2.95517324957473e-05 8.01848029823304e-05 0.000214832130154718 -0.000633753506576795 9.4208351697489e-05 -0.000259526833019663 0.000275275084504756 -4.73806089758e-05 0.000104381580058543 0.000513264940309455 0.000135400970521005 -0.000309978527297972 0.00013832355307386 0.000419817235979281 -0.000410487618523803 5.48304728908988e-05 5.3483849001168e-05 -6.09297364917438e-05 -6.63106565070848e-05 -0.000286966133558053 7.25856436929462e-05 -0.000337155886995788
GUESS_LAM 546.203491709462 545.215980302489 544.30416408847 543.740162344864 543.58974096056 543.41544658067 543.112449343102 542.570031778282 542.401911304298 542.185713066708 541.750678076498 541.081820525803 540.768763677382 547.078739586203 547.907428780718 549.320292689746 549.264654741186 549.614509923457 549.925173596785 550.429623973282 551.000207457173 551.486443408801 551.898395569564 544.948114237252 548.414852240994 548.86324223951 550.128114726462 549.965166294066
STOP 112
START 113
DY0 2450
AUTO 0
COEFFS 543.433529575553 0.00282839346668478 -2.46431032593038e-07 5.71030216863218e-12 -1.75458052798305e-15
MATCH_LAM 541.74858 541.07681 540.76528 542.40079 542.56782 543.11118 543.41514 544.31187 538.66107 538.29276 537.91099 537.48219 537.53526 546.17358 546.42055 542.18359 536.01499 547.07591 543.73877 545.22187
MATCH_PIX -567.268331663482 -779.114912611356 -874.995780815903 -354.090070378513 -298.25360512645 -112.868232981207 -6.35066045583057 319.308071908691 -1485.37123568699 -1586.28235200689 -1689.14214446372 -1802.74340260211 -1788.75331263936 1066.32031040392 1174.14621642112 -426.051767327786 -2175.7033866171 1473.33247265583 108.97654012836 670.849509003388
MATCH_LRES 3.24028350178196e-05 -0.000140332777959884 0.000108598128576887 -5.49705121102306e-05 -4.43171200004144e-05 3.40361220878549e-05 -0.000417468762748285 0.000169423164265936 -0.000282678774738088 -0.00014410173446322 -5.94557147906016e-05 0.000386717084893462 0.000163786835514657 -0.000376299214053688 -0.000101005659530529 0.000334077452521342 -0.000140201527983663 0.000151432860434397 -6.8665523144773e-05 0.000449022805014465
GUESS_LAM 541.783534377864 541.071209864876 540.797804382681 542.409959476103 542.567742349612 543.110493174025 543.415189909824 544.308672852815 538.664875428338 538.294457745231 537.912042176739 537.482688982335 537.535661809969 546.181375160612 546.423034383233 542.184069230616 536.021451789642 547.08568985933 543.738722753858 545.221174404571
STOP 113
START 114
DY0 2450
AUTO 0
COEFFS 538.666527766444 0.0028049080818925 -2.45384948480849e-07 5.46705241214946e-12 -1.37160166953304e-15 1.6384766939746e-19
MATCH_LAM 534.35812 534.79714 535.1126 532.69751 532.62774 532.51438 531.74944 531.29045 531.25288 531.20018 531.02665 536.01499 538.66107 537.91099 537.8835 538.29276 536.25751 537.48219 537.53526 537.57688 539.91738 539.89219 539.87015 540.76528 541.07681 541.74858 542.18359 537.67809 539.47608 539.39719 539.25726 540.31993
MATCH_PIX -1365.90794349673 -1240.1927295442 -1147.87152184565 -1819.93514264631 -1838.30441893197 -1868.06024887107 -2064.80537658951 -2179.94600650327 -2189.1135055918 -2202.27898448589 -2245.06343981531 -876.426114226531 -1.85148000376246 -263.175761431348 -272.595186567873 -131.727096023529 -801.290706511297 -407.601355552701 -389.835503024326 -375.932114520336 464.663419022608 454.767312610895 446.546710758083 803.936670472734 934.567363012766 1228.19154752532 1428.31212184306 -342.210718827375 296.527470536563 266.339943917155 214.499404221523 622.903373711466
MATCH_LRES 0.000139760945444323 0.000813999950651123 4.41336590029096e-05 -0.000238472999285477 -0.000201459854110908 -3.38951145977262e-05 -0.000111155251829587 0.000256965201742787 -0.000357638718128328 0.00011352582487234 0.000189396673931697 -0.000182894718022908 -0.000263694008708626 -0.000251781440397281 -7.06654678879204e-05 -1.45280527021896e-05 -0.000485192558812741 0.000124469476645572 -0.000166398082455999 -0.000194641786379179 7.5341762340031e-06 0.000371888033214418 -0.000404688160529076 5.6806383440744e-05 -0.000303187181543763 -0.000225699488282771 0.000186081853939868 0.000407103623956573 -0.00073603950170309 0.00091342746918599 0.000320155396593691 0.000296787934303211
GUESS_LAM 534.379465181663 534.796573379217 535.113521070682 532.708738508739 532.639834909797 532.514338473793 531.75143883841 531.291623630794 531.253940041773 531.200444123588 531.02725513091 536.01502902663 538.662125146595 537.909941814109 537.88271169106 538.29241212895 536.257940206463 537.481293580715 537.53480051102 537.576510965275 539.924953514572 539.892532787524 539.871032714609 540.770595458378 541.082391702223 541.758418165995 542.191610738953 537.679192024182 539.476046472494 539.395647636654 539.256875081201 540.319583101815
STOP 114
START 115
DY0 2450
AUTO 0
COEFFS 533.981424447544 0.00278269023600084 -2.42565987120286e-07 5.42875735815539e-12 -1.92307487659247e-15 -1.77374873150042e-20
MATCH_LAM 531.29045 531.25288 531.20018 531.02665 531.74944 530.74655 529.82824 532.69751 532.62774 532.51438 529.62787 529.43971 533.00804 528.10687 527.75002 527.41188 526.671 534.35812 534.79714 535.1126 536.01499 537.48219 537.53526 537.57688 537.67809 536.25751
MATCH_PIX -895.290266151451 -906.930183590479 -923.1932888221 -976.243610205291 -751.85632958743 -1061.04353390021 -1331.22292221533 -444.034074686112 -467.269322718283 -504.809757461972 -1388.78217330104 -1442.08772707127 -339.454403049276 -1807.34546850439 -1901.8426732693 -1989.87337936759 -2178.09295448285 136.961633043534 300.843686555449 421.983754405543 783.820958963424 1434.48165206746 1460.57125081967 1479.32225068654 1529.50894192307 885.277324016007
MATCH_LRES -0.000110412577555508 1.71183683050913e-05 0.000108550918980654 -0.000230999003633769 0.000236009868785914 -0.000336521665303735 -0.000166542011129422 7.03971242046464e-05 0.000188488139542642 0.000321196932873136 0.00044041241199011 0.000100436717616503 -0.000599487140448218 -0.000703769700066914 0.000259137476632532 0.000491162690195779 -0.00020418276858436 0.000110654883428651 0.000382644624210116 -0.000227440941216628 -0.000421974547180071 0.000410668463132424 -0.00106883419243786 0.00155066499257828 -0.000777511767296346 0.000160131134180119
GUESS_LAM 531.317755177746 531.252482892537 531.199322205603 531.024991498267 531.752736189087 530.746447642589 529.829648414437 532.696816642572 532.627671711232 532.514318820834 529.628197447013 529.440703915636 533.007961072399 528.114243740703 527.750422031343 527.412713642303 526.674893652708 534.35803515658 534.796607927208 535.11390982008 536.020092362918 537.524075167315 537.536834053056 537.574993359495 537.679539877888 536.257218891101
STOP 115
START 116
DY0 2450
AUTO 0
COEFFS 529.3775839505 0.00276031025656927 -2.41053680230271e-07 5.19561094828822e-12 -1.96728861246893e-15
MATCH_LAM 525.83599 524.01968 523.95518 526.671 527.41188 527.75002 529.43971 523.32254 523.11592 521.91099 521.65966 529.82824 531.20018 531.25288 531.29045 531.74944 532.69751 532.62774 532.51438 528.10687 529.62787 530.74655 531.02665 530.05234 527.31317
MATCH_PIX -1160.96007989019 -1679.93673648981 -1697.7158458235 -906.811683027375 -671.992647256135 -561.736988680037 22.6457402796393 -1868.03894322372 -1922.54409322935 -2231.42200285396 -2294.0642535481 165.707610938628 702.972914081519 724.819179751613 740.224190642337 934.690931322737 1362.5284768245 1329.6061146867 1276.75112556821 -443.032109481366 91.2497251862419 519.200017344517 631.905439573879 249.86032481468 -703.776656668426
MATCH_LRES -0.000381141938987639 -0.000156839755504734 0.000358996062573169 -7.76165377374127e-05 3.56484362100673e-05 0.000185368444817868 -0.000259660031701969 0.000320911957828685 -7.21289328566854e-05 -0.000409677589573221 0.000219282754756023 -0.000151430158211951 -3.00522858651675e-05 -0.000224588611217769 0.000181950784735818 -0.000326190199757548 7.49473149426194e-05 0.000113827575546566 -7.88953743722232e-05 3.31122877241796e-05 0.00041182241432125 0.000209212999152442 6.75010477380056e-05 3.96794457628857e-05 -8.40401934283364e-05
GUESS_LAM 525.858682015849 524.020840282165 523.956268199862 526.675707050744 527.422819977032 527.749703677657 529.439411081496 523.323382461815 523.116926939794 521.914482683195 521.659902079529 529.829794461868 531.213880183323 531.255661644531 531.291367277197 531.749835501092 532.696788437344 532.627644624435 532.514497413806 528.106754070938 529.62734550513 530.746281714726 531.026563686052 530.052300066225 527.313269040532
STOP 116
START 117
DY0 2450
AUTO 0
COEFFS 524.852996593655 0.0027391086359256 -2.41152895961768e-07 4.71821519876926e-12 -1.18441441857626e-15 2.80278573125986e-19
MATCH_LAM 524.01968 523.32254 523.11592 521.91099 521.33491 521.123 520.64956 520.51522 519.87999 519.5813 519.0872 518.64132 518.39896 517.69609 517.76228 523.95518 525.83599 526.671 527.41188 527.75002 521.65966
MATCH_PIX -296.343861239743 -533.414787395396 -601.889406093411 -986.323119604102 -1161.93942727185 -1225.24109503826 -1364.31807014807 -1403.10859681967 -1583.90697136976 -1667.17659567269 -1802.54542879565 -1921.82815012005 -1985.85967235105 -2167.26505920483 -2150.43355197745 -318.84349316849 371.009034970252 707.207686736885 1025.11206682156 1177.6098908715 -1063.48246750439
MATCH_LRES -0.000288027136321034 6.41028132122301e-05 0.000132917942323729 0.000150971537777878 0.000327218519601047 0.00021602599815651 -0.000137579255920173 -0.000600675576833964 -0.000521126402645677 -0.000215904459651028 0.000589044861840193 9.46625426649916e-05 0.000496085250802025 -0.000265597190377775 -0.000129407264012116 0.000212359047282007 -0.000266984508357382 7.34230004582059e-05 0.000314749826770822 -0.000217747809415414 -2.8514407745206e-05
GUESS_LAM 524.065303341727 523.315495977221 523.106865510896 521.906463520345 521.335727300472 521.123753977137 520.650345092013 520.516397509942 519.88268622554 519.583157392325 519.08967162636 518.645799493397 518.40250078233 517.698907148333 517.762864540663 523.954688188508 525.828894950503 526.667782347192 527.409676864796 527.749857378435 521.659430283923
STOP 117
START 118
DY0 2450
AUTO 0
COEFFS 520.40416549116 0.0027179142691066 -2.37787732251009e-07 5.33663192538854e-12 -2.0655846827338e-15 -1.16541151851672e-19
MATCH_LAM 517.69609 517.76228 517.53248 516.15391 515.8604 515.42432 514.82115 514.32673 514.3916 513.47461 514.50383 517.59115 518.39896 518.64132 519.0872 519.5813 519.87999 520.51522 520.97246 521.123 521.33491 521.65966 521.91099 523.32254 523.11592 522.82246 521.85271 520.64956 513.74733 514.07736
MATCH_PIX -920.148914507308 -899.217180344673 -971.842985446899 -1387.51506110959 -1472.52139386601 -1596.70763482732 -1764.15859791217 -1898.38046452678 -1880.92896610801 -2122.8821414884 -1850.98160690068 -953.179126256222 -694.855925073698 -614.988741632611 -465.290570847966 -295.130698297528 -189.444343084902 41.0740421347507 212.993214045294 270.849267812016 353.226896411243 482.071576809668 583.998718441503 1197.33832452006 1102.87208773641 971.253677974344 560.032522841046 90.9261601192589 -2051.89988930141 -1965.34376780757
MATCH_LRES -0.000299484576430586 -0.000454872268733197 0.000925862742747086 -8.07448918749287e-06 -3.48209446201508e-05 4.3535423742469e-05 -0.000810539253734532 -0.000384921505428792 -0.00047075794623197 -0.000140333091621869 0.000724051124734615 -7.9239572755796e-05 0.000416203304780538 0.000101651067893727 -0.000233830283264069 0.000138859127105206 -0.000709090274995106 -0.00018041407884084 0.000137453499633011 3.861757136292e-05 0.000170282863564353 4.22231466927769e-05 -0.000150108396042015 0.000380255491677417 -0.000442429396116495 -0.00012720222241569 0.000275264432389122 0.00022705689104896 -0.0003109842516551 0.0012157836060851
GUESS_LAM 517.725186048811 517.762959302584 517.530006447883 516.145902377245 515.852195484416 515.422934706004 514.822195078718 514.324896066191 514.390380929118 513.474046647873 514.502470962604 517.591386736455 518.394355435261 518.637689375906 519.082294582452 519.581373245854 519.881117685245 520.515610393163 520.972997109533 521.123609630409 521.335641250725 521.66131231441 521.91304703664 523.337439262473 523.116821863349 522.821419924745 521.850791257742 520.649630299195 513.747437476512 514.075934171464
STOP 118
START 119
DY0 2450
AUTO 0
COEFFS 516.030968366955 0.00269764583488401 -2.37044734324963e-07 4.43937558611347e-12 -1.71967685467179e-15 1.96809590559722e-19
MATCH_LAM 510.06211 510.11299 509.80432 509.64848 509.50639 509.00513 511.12781 511.50448 513.47461 513.74733 514.32673 514.3916 514.82115 515.42432 515.8604 516.15391 516.85866 517.53248 517.69609 517.76228 518.39896 518.64132 519.0872 519.1365 513.1072 512.59502 514.60557 519.4457 519.5813 517.59115 517.64037
MATCH_PIX -1881.09101975324 -1867.1324200274 -1950.64124590375 -1992.05397387608 -2029.88874776095 -2160.08205226428 -1585.18491242028 -1477.07944877572 -878.231935164775 -790.828525838997 -599.881719170167 -578.020835338353 -431.919327339213 -220.650765776162 -62.859858380646 45.9267946637071 315.17109896123 586.626523778061 654.709415443756 682.147731196627 957.207685005478 1066.09101138214 1273.1527121616 1297.25132093349 -994.708619938015 -1153.0481757633 -505.299905270045 1447.42855001483 1514.63265338658 610.868667092819 631.68629646317
MATCH_LRES 0.000159743628501019 -0.000472219749838132 0.000852010073117526 0.000374717909380706 0.00118391636135584 -0.00122354158884264 -0.000730666049037154 -0.000799449487487891 -0.000236141781101651 0.000916188266501194 0.000528837847127761 0.000187696342663912 -1.07603740389095e-05 0.000182062954195317 -5.69526015397059e-05 -0.000453024271791946 0.000895326200520685 -0.000130822817595799 -0.000398156016672147 0.000355751597453491 0.000367756010064113 0.000400175946197123 0.000645022942421747 -0.000624112489504114 0.000390483106798456 -3.05843223031843e-05 -0.00106267663238668 -0.000461941177832159 0.000252407212883554 -5.91872045561104e-05 -0.000941860471016298
GUESS_LAM 510.088867022043 510.113120467451 509.80649101947 509.653136072973 509.512280072552 509.007322209404 511.115184875163 511.502412209353 513.448697072334 513.743921560797 514.321059081097 514.389188711813 514.815960869354 515.414239189406 515.850905856902 516.146255926084 516.856707915687 517.535373902827 517.69824768968 517.76297972401 518.404597946546 518.645737939957 519.094016000959 519.141233357332 513.106673061684 512.595110121419 514.606773726065 519.4461612937 519.580558979689 517.591374205435 517.641445142308
STOP 119
START 120
DY0 2450
AUTO 0
COEFFS 511.730698616028 0.00267720536483983 -2.36240005729162e-07 5.01400584452601e-12 -1.4560765071127e-15 1.00616031236779e-19
MATCH_LAM 509.50639 509.64848 509.80432 510.06211 510.11299 509.00513 508.14462 506.79731 506.51926 506.49454 506.46021 506.61355 506.16562 505.98608 505.07842 504.7043 504.5248 511.12781 511.50448 513.1072 512.59502 513.47461 513.74733 514.32673 514.3916 514.82115 515.16118
MATCH_PIX -776.703283897001 -729.832912501567 -678.193101261563 -592.00205701852 -574.481274123559 -938.545450265602 -1206.20210890922 -1603.85000638361 -1682.88968713997 -1689.76853481339 -1699.51041176626 -1656.6325419 -1781.69332117455 -1831.61865935562 -2075.87461085549 -2174.06518164583 -2220.86301090568 -220.89836198016 -83.8310965156938 539.306365984323 332.562860644187 693.474839349108 810.590960850158 1068.8134489404 1098.67555356272 1300.93035018964 1467.87495280234
MATCH_LRES 0.000509334039918485 -8.82011183875875e-05 -0.000172290626835547 0.000343111159963883 -0.000622754692983563 0.0005547898366558 -0.000978349640149645 -0.00047588478724947 -3.18031038659683e-06 -0.00031196798295241 -2.34212575378479e-05 0.00136012093918225 -0.000354174051778955 0.00081699840256988 -0.000947334438023972 -0.000437921945149355 0.000778680129258191 8.68172326136118e-05 -0.000122315712189902 0.000710312637693278 -5.7023086924346e-05 -0.000405164556354976 -0.000340840115541141 0.000107802152342629 -5.274681143419e-06 0.000167189231092379 -8.90563840130199e-05
GUESS_LAM 509.54021006267 509.650314046666 509.807610219316 510.067176857755 510.119486271721 509.006957870407 508.147525893633 506.796233150116 506.519411278934 506.494979333316 506.460290237668 506.611824071794 506.167465905949 505.986920724625 505.0866693314 504.708830273179 504.52673797306 511.12579215169 511.503755059794 513.116040704235 512.594441601487 513.475939499541 513.747362654847 514.325303962492 514.391433654224 514.820505952942 515.160898698564
STOP 120
START 121
DY0 2450
AUTO 0
COEFFS 507.525093906008 0.0027422226869133 -1.53385789901872e-07 1.50908862937411e-11 -1.79423686093142e-14 -4.93905541244518e-18
MATCH_LAM 505.18882 504.7043 505.07842 505.98608 506.16562 501.98062 501.72539 505.79866 509.80432 509.64848 506.29325 500.20972 510.97331 502.86556
MATCH_PIX -810.38880329874 -967.1600326619 -846.109766756203 -543.366995357344 -481.696372684163 -1780.08399877535 -1850.98645348325 -607.156748871312 874.788304749323 811.974741200201 -437.755861316397 -2255.66776311787 1382.93165721686 -1528.02214147859
MATCH_LRES 0.000769339558246429 2.29768015174159e-05 -0.000448384379410527 5.7309566841468e-05 -0.000440274538107133 -5.65193145121157e-05 0.00064050418586703 0.000477566340180147 0.000676092662672545 -0.000638035868803399 -0.000181085193332819 -0.000123026856726938 -4.32035239441575e-05 -0.000713261641010376
GUESS_LAM 505.224519158458 504.700280767282 505.118305070566 505.988417912438 506.165572785506 501.967524341443 501.722848054125 505.798360223881 509.806997749203 509.646099233793 506.293263578259 500.229020772137 511.038114506963 502.86664503928
STOP 121
START 122
DY0 2450
AUTO 0
COEFFS 503.341418121459 0.00263803297547858 -2.32845157609358e-07 6.08245060524579e-12 -1.84091029074986e-15 -2.43478567375176e-19
MATCH_LAM 499.99398 500.35981 500.41279 498.93081 498.53721 498.01859 496.87556 501.98062 505.07842 505.18882 505.98608 506.79731 506.49454 502.98916 502.20051 500.20972 503.923
MATCH_PIX -1147.96836133891 -1032.98208971478 -1016.01923672149 -1471.04212746487 -1586.3288014785 -1735.02178988275 -2050.89483652115 -493.951508370308 701.220362025313 749.09264087796 1109.2005403842 1506.85649477471 1354.15311058358 -131.991624330527 -416.90839442897 -1080.33664340636 224.868946353115
MATCH_LRES -0.0002957138207762 0.000404631549940859 0.000106628208811799 0.000223748573205285 1.24191155919107e-05 -0.000227204839234219 6.07590062600138e-05 -9.08314411844913e-05 4.08932202731194e-05 9.83178449587285e-06 -7.55074319158666e-05 2.84886132817519e-05 -8.17998147795151e-06 1.12509682708151e-05 -0.000125297706063066 -0.000155842234221382 7.9926302248623e-05
GUESS_LAM 500.022117081813 500.361399209564 500.415040910572 498.926228470636 498.532559121747 498.017551860264 496.871025042799 501.982288446511 505.082331077804 505.189835715131 505.991238344336 506.806009660567 506.493881962259 502.989717591752 502.200975378335 500.209760697016 503.923541101165
STOP 122
START 123
DY0 2450
AUTO 0
COEFFS 499.249274327769 0.0026200827309475 -2.30978109376745e-07 5.60799085854941e-12 -2.45833944741913e-15 -4.26839348089881e-19
MATCH_LAM 496.87556 496.1726 495.06264 495.02513 494.75752 494.66637 494.54587 494.3064 493.96421 493.78291 493.67746 492.77798 498.01859 498.53721 498.93081 499.99398 500.20972 500.35981 500.41279 501.58893 501.98062 501.72539 500.02463 492.44223
MATCH_PIX -841.862841737228 -1069.90989517761 -1413.01729016304 -1424.20795116736 -1504.14888081084 -1531.03458191524 -1566.56689953112 -1636.20414817049 -1734.7532625167 -1786.10105589622 -1816.08610643059 -2064.50746661492 -451.250136899227 -265.580760073139 -120.207639911478 291.489057356415 379.157456812999 440.888283450859 462.85885578609 976.064594010445 1159.63715598656 1039.16424130954 303.921300358717 -2154.6356823276
MATCH_LRES 0.000138158429535906 0.000471591879943389 -1.97776845993758e-05 -0.000279341752616347 0.000201480037503643 4.23179409381191e-06 0.000320295372318924 -0.000338765740877989 6.52836956192004e-05 -0.000561386556853449 0.000186110932645533 0.000355915603734047 -0.000729084974182115 0.000187563075598973 -0.000162517524927352 0.00048523739542361 -2.42605735820689e-05 -0.000110620463146915 -0.000162659735394755 -0.000266416369925082 0.000205550988823688 -6.51768566513056e-05 0.000256393705740265 -0.00015780430965151
GUESS_LAM 496.911086564253 496.167151054684 495.052266242517 495.014911146909 494.746240345544 494.666737678434 494.545835542837 494.307560592657 493.964110250441 493.783609473875 493.67691604276 492.777975533673 498.013975713457 498.534234040435 498.931453282019 499.999319829223 500.211352038297 500.361096679181 500.413624511596 501.600961407155 501.982146185238 501.725644218677 500.02422374226 492.443746167545
STOP 123
START 124
DY0 2450
AUTO 0
COEFFS 495.223425491318 0.00260146613327921 -2.31091385308793e-07 5.36276675881447e-12 -1.42133801450963e-15 2.72592996852978e-20
MATCH_LAM 491.25293 491.13787 491.07929 492.44223 492.77798 492.9086 492.9985 493.78291 493.67746 487.87329 491.01576 493.96421 494.3064 494.54587 494.66637 494.75752 495.06264 495.02513 496.1726 496.41185 496.5731 496.87556 498.01859 498.24875 498.53721 489.92401 489.49551 489.34453 490.20545
MATCH_PIX -1355.85491038802 -1390.87295148494 -1408.67985354102 -981.073270853814 -870.970167196461 -827.330093331386 -797.701932923545 -528.467640193207 -565.63395558045 -2309.77321626261 -1428.01615692056 -464.653538634166 -341.949122218417 -254.66372248611 -210.137715236718 -176.512911832684 -61.3400098229912 -75.8780882112393 377.602463026989 476.875851349459 544.951520314338 674.951492001756 1199.96594715696 1312.6677059459 1459.07637570195 -1748.89591007209 -1870.54564841722 -1912.95401902223 -1667.99505469596
MATCH_LRES -0.000164580474745435 -0.000303355511732661 -0.000190752895207424 -0.000134524340467124 3.20990832278767e-05 -0.000664641502396535 0.000625543598857803 -0.000282601942444671 0.000565445082031601 -0.000122639566029648 0.000207813817439728 6.30937371397522e-05 -0.000201114647381928 2.52470888426615e-05 -0.00013229589706043 0.000517818222817823 -0.000340771580454202 0.000431680436633997 -0.000455708737490568 -0.000107983820726076 -0.000114552420768632 0.000189152066241149 -0.000140495522430228 0.000640695159745519 -0.0003783580293657 -0.000467671932767644 -5.5178153502311e-05 0.000516185384640266 0.000442453249092978
GUESS_LAM 491.27974086791 491.137573142786 491.078677956559 492.449097863283 492.787144432366 492.909411010144 492.997191093631 493.7872638121 493.676730578952 487.898605764932 491.014595569875 493.963773570039 494.30612980218 494.545351913612 494.666254803264 494.756787732212 495.063158444859 495.024624091305 496.175290129006 496.41245449975 496.57379833723 496.876736549136 498.029948199398 498.252325236064 498.543085446198 489.924027065645 489.495093204148 489.343629499656 490.204771525677
STOP 124
START 125
DY0 2450
AUTO 0
COEFFS 491.261374650935 0.00258504051629423 -2.29423051965881e-07 4.58875006421709e-12 -1.60142771937758e-15 8.61782188472592e-20
MATCH_LAM 487.87329 487.43638 487.29169 486.54775 485.28682 485.04397 484.83625 484.08429 486.31719 487.80088 489.34453 489.27592 489.92401 491.07929 491.13787 491.25293 492.44223 492.77798 492.9086 493.78291 493.96421 492.9985 494.3064 494.54587 493.67746 490.72093 488.94903
MATCH_PIX -1182.46922792472 -1319.13769871747 -1363.73770602943 -1588.08193394578 -1950.64155499052 -2017.76964323272 -2074.81125255621 -2276.71708046645 -1656.00138889385 -1205.23200751938 -697.474771384704 -721.139983698644 -495.19911485775 -69.9940607921686 -47.3519233774068 -3.40185463481491 476.832329783119 620.415043111756 677.318221186712 1077.07234196997 1164.40043843848 717.149086353867 1332.99876913879 1455.81351546863 1026.98781007129 -205.279056682995 -831.971464702339
MATCH_LRES 0.000350205066524722 -1.89196874202935e-05 -0.000107187780088225 -0.000327595821943305 0.000566025059299591 -0.000191374612938944 -4.74307703370869e-05 -2.62353784705738e-05 -0.000242155439764247 -3.30837286810493e-05 -0.000286255458036067 0.000202043378806138 -0.000339162571719953 -2.15735644246706e-05 -0.000583101774623174 0.000351936332151581 -2.86707705754452e-05 0.00024917944358549 0.000479324757350241 -0.000293434050888663 -0.000613666260449008 -2.64093121131737e-05 0.000652741294686621 -0.000132487737801057 -3.37585190095524e-05 -7.96321585312398e-05 0.000580679984523158
GUESS_LAM 487.904330934082 487.434310242229 487.289031214695 486.545661777235 485.284702632811 485.045592551829 484.837611631002 484.089437046504 486.316954123554 487.800405134941 489.336748235134 489.274366685541 489.923893008583 491.0808264551 491.13914467209 491.252674231641 492.440519949247 492.777360815882 492.908140713114 493.77499874833 493.959621865454 492.997747383414 494.304533162919 494.545891546966 493.677583344186 490.721245500934 488.948338703098
STOP 125
START 126
DY0 2450
AUTO 0
COEFFS 487.363467332026 0.00256616888798427 -2.28936410130905e-07 5.38389642617566e-12 -1.38867672040097e-15 3.16441444449797e-20
MATCH_LAM 485.04397 484.83625 485.28682 486.12167 486.31719 484.08429 484.04744 483.28018 483.11211 483.15972 482.67002 482.39967 482.36058 482.15878 482.08847 481.9193 480.96138 480.81337 486.88809 487.29169 487.87329 489.49551 489.34453 489.27592 488.12046 489.92401 487.43638 486.54775
MATCH_PIX -839.425267096672 -909.11303799823 -757.01684172973 -464.606825097279 -393.810479825557 -1154.6839224629 -1166.55768195532 -1406.62953003204 -1457.8839480126 -1443.5803326337 -1591.01361246011 -1670.86724322967 -1682.57042426943 -1741.55563999149 -1761.74285519902 -1810.65910365486 -2079.55042417592 -2120.00813404244 -182.196836062264 -27.756296871426 202.281890428091 902.095510720238 832.892349692147 801.918429423433 303.052593561577 1104.66701926058 28.4775083012997 -309.225978945601
MATCH_LRES -0.000186578774957979 -5.33576699695004e-05 -1.70381280781839e-05 0.000485687922832767 0.000174380282942366 -1.34882833435768e-06 0.000293503546004104 -6.82485446077408e-05 -0.000429263699231797 0.000235206910758734 -0.000221759402734278 -0.000575719904531979 0.000203939385869489 0.00052667290106001 -0.000155512750382059 0.000356638384005237 5.15221991577164e-05 -0.00015335562858354 -0.000195679184798792 -0.000373495234839538 5.85377634934048e-05 0.000364643774616979 8.04903983748773e-05 -0.000395243835612291 0.000196035386693438 -9.2565066950101e-05 2.01089511620012e-05 -0.000128204499333151
GUESS_LAM 485.082925452899 484.834698417612 485.288304400369 486.127843444003 486.316211623735 484.08890137055 484.047269105263 483.284987790317 483.112701369543 483.159265148843 482.670352545299 482.400131877551 482.359933508436 482.158128974626 482.088865533722 481.91768468589 480.959304553288 480.813278015707 486.887105043106 487.290623638986 487.87180751858 489.51607929672 489.344464508577 489.276234458619 488.119767623126 489.925574343269 487.436450138818 486.547899103803
STOP 126
START 127
DY0 2450
AUTO 0
COEFFS 483.526399076165 0.00254934731815501 -2.27618682371292e-07 5.52789157037929e-12 -1.51425771152065e-15 -3.39855026056563e-20
MATCH_LAM 480.81337 480.96138 481.23755 481.30069 481.86477 481.9193 482.15878 482.08847 482.36058 482.67002 483.11211 483.28018 484.08429 484.04744 484.83625 485.04397 485.28682 478.93862 478.7148 477.82939 476.66001 477.71915 485.83327 486.12167 486.31719 486.88809 477.42513 482.39967
MATCH_PIX -976.625829861229 -927.246694319815 -833.960794721588 -812.910077450074 -617.113851557069 -597.991840116787 -512.495977312228 -537.811383756017 -439.882208426122 -326.322563995903 -160.149148964585 -95.7581332271182 223.266199870963 208.21264771486 539.567412987984 630.271556422175 738.444052019414 -1568.12408271393 -1634.98392305917 -1892.91976724752 -2217.15147139937 -1924.11400987635 991.061928698661 1129.93755955308 1226.34854202025 1520.8020417789 -2006.98722156761 -425.669782376074
MATCH_LRES 0.000328234202186195 6.1369309435122e-05 -0.000561714381944967 0.000715380583301339 -0.000191912294212671 0.000158058203851397 -0.000456939286891611 -3.93354399079726e-05 0.000163483270171128 -2.20919244497964e-05 -0.000151667574186831 -6.17829078919385e-06 -3.61462741693686e-06 5.53707426433903e-05 -0.000164958476148058 6.78870584920332e-05 0.000222736152011294 -0.000218983325112276 -0.000409446135165581 0.000400665193524219 -0.000161791906293729 -8.43809985440203e-05 -9.87538123808918e-06 -0.000162033046024135 4.91898707082328e-05 1.65874050139792e-05 0.000236004352984764 0.000169957258549402
GUESS_LAM 480.850427220145 480.962577456475 481.241125530847 481.303379696891 481.871788966871 481.918947240403 482.159182572294 482.088245597525 482.359886332778 482.669792103627 483.111770172283 483.279907582358 484.084805055007 484.047374301251 484.836962636758 485.043625992487 485.286647235759 478.935740679678 478.714102173833 477.82930768025 476.66393647706 477.718763480999 485.833924875981 486.122148006658 486.317230323867 486.888757850586 477.424828988645 482.399484103533
STOP 127
START 128
DY0 2450
AUTO 0
COEFFS 479.749178227469 0.00253214547738641 -2.26178950873576e-07 6.06734246734602e-12 -1.73585698600806e-15 -2.07562833639789e-19
MATCH_LAM 476.66001 476.43462 476.11101 477.71915 477.82939 475.24141 474.92002 474.05292 473.96758 474.53375 478.27612 478.7148 478.93862 479.32446 479.59131 480.81337 480.96138 481.23755 481.30069 481.9193 481.86477 482.15878 482.67002 482.36058 482.08847 481.3896 483.11211 472.91279 474.13039 474.99712
MATCH_PIX -1106.37425035492 -1179.77725522624 -1283.08415184613 -750.188691758252 -711.916870110595 -1552.73246761103 -1649.35088107617 -1902.85626501288 -1927.11417348819 -1763.32928776085 -553.903020920349 -394.55799444707 -311.331030533979 -165.155205979917 -61.8946403676988 437.026399846227 500.795307368004 621.942800442027 649.857367408572 933.608396762023 907.893361377661 1047.84374522078 1301.87769201176 1146.31846477989 1014.07498515799 689.698432117197 1534.18394571281 -2220.7913520973 -1880.59217273262 -1626.20141916919
MATCH_LRES -0.000336517818709581 0.0004737874452303 -5.37197298626779e-05 -8.95755255783115e-05 0.000119285441087413 0.000219303022390704 6.15293042756093e-05 0.000397276319631601 -4.10172619922378e-05 -0.000647376254505616 8.21132942974145e-05 0.000323410044131833 -0.000101125494893495 -0.000323309559405516 -0.000274050380539848 0.00033593464564774 0.000193640898260128 -0.00016956512337174 0.000165550481540322 -0.000238693528615386 -0.000126773051874807 2.24895167093564e-05 2.04320724606077e-05 0.000235053618894199 -0.000171829152407099 2.93081176891974e-05 -1.17753734798498e-05 -6.16992608115652e-05 0.000238263077847023 -0.000270349703782813
GUESS_LAM 476.5595 476.569770168453 476.24521082027 477.712961228167 477.829421539398 475.246001438756 474.921267888346 474.057367346276 473.969619414166 474.534123170814 478.273610906708 478.711095740954 478.939408331365 479.325032006906 479.591166102323 480.812207147483 480.961781012247 481.238634157394 481.300754791304 481.92073362422 481.864803633732 482.158708128075 482.670532705424 482.360460663397 482.088538926044 481.389587548087 483.11326771652 472.911086030017 474.130568054575 474.997589427185
STOP 128
START 129
DY0 2450
AUTO 0
COEFFS 476.031041387223 0.00251632823404738 -2.25455684447448e-07 5.510904846844e-12 -1.61649122802394e-15 -6.37666070005125e-20
MATCH_LAM 472.91279 472.98795 473.96758 474.05292 474.92002 472.20886 470.57606 470.39898 469.40908 469.16348 469.50381 472.47723 472.3438 472.37842 474.99712 475.24141 476.11101 476.43462 476.66001 477.71915 477.82939 478.93862 478.7148 479.32446 478.27612 476.5595 474.09585 474.13039 474.53375
MATCH_PIX -1122.25147044205 -1097.40235384947 -766.216882804067 -736.420077319647 -425.137914755533 -1348.36476268759 -1842.98981171353 -1894.24302666009 -2172.93200625758 -2240.03529644521 -2147.05075959065 -1263.54160500101 -1305.84312226321 -1294.8745916917 -396.738422933999 -305.334137279114 31.8826084797386 162.757604507292 255.885518207695 716.136604827524 766.615452265233 1305.17605324567 1191.26991876707 1508.86426975006 976.102118091591 214.225070620849 -721.74498777068 -709.078460960979 -566.168641586383
MATCH_LRES -0.000108740683742781 -0.000626289350691422 -2.64857571323773e-05 -0.000116356304545207 -1.01004828820805e-05 -0.000786200452523644 0.000162665632558401 0.000159840467460981 -0.000142671437174613 -0.000569455687241316 0.000750956957801918 0.000654512531355067 -0.000128766654654555 6.86649286762986e-06 0.000273305484199682 -0.000120729319405655 -2.94961783993131e-05 -2.32315503012614e-05 -0.000246423029636844 0.000112346468256419 -0.000115031954408096 6.72178363743114e-05 0.000174000989886736 -0.000144284517034521 9.26590212770861e-05 -0.000306028795478142 0.000897415367603571 -0.000657899998259381 0.000806402912928661
GUESS_LAM 472.950286269765 472.98885935769 473.973187321767 474.059055176744 474.928963946124 472.210694567238 470.579658547465 470.399955171532 469.40592410129 469.163099072349 469.503033220472 472.475873233796 472.343594996813 472.37812009511 474.997061296767 475.240545108823 476.101595902081 476.434253976843 476.660189046898 477.725337452358 477.830412063447 478.94367348002 478.714760245611 479.324643597166 478.276166511409 476.559847626948 474.094793523067 474.131029852762 474.532848103872
STOP 129
START 130
DY0 2450
AUTO 0
COEFFS 472.369727349353 0.00249995740010948 -2.23858163957889e-07 6.20451973788206e-12 -1.97607025221997e-15 -3.30098652893061e-19
MATCH_LAM 470.39898 470.8294 469.54542 468.61946 466.99839 466.81709 466.67979 466.32021 468.0646 468.02377 469.40908 472.98795 473.96758 474.05292 474.09585 475.24141 474.99712 474.92002 472.47723 472.91279 472.20886 472.04586 471.54308 470.57606 469.06219 467.36602
MATCH_PIX -738.298669382046 -584.999984434381 -1031.11905851875 -1333.11691308716 -1828.08869848135 -1881.02874516886 -1920.76952603047 -2023.74005450328 -1507.13615015511 -1519.88547080294 -1076.34499216086 252.900566709911 679.9661297373 718.912090769694 738.542101758503 1296.49037310467 1171.75667319683 1133.01223749634 43.1972903565164 221.582462403593 -63.9611648262299 -128.053758285981 -321.19417310757 -675.803860834246 -1190.70814800552 -1719.11163881984
MATCH_LRES 1.21632967875485e-06 0.000208518612964781 0.000104805354851578 -0.000139721786752034 0.000155185410335434 0.000185064719573802 3.15146809839462e-05 -7.21079673553504e-05 2.79673514569367e-06 0.000467377777965794 -0.000574723094814544 0.000207749560161119 -1.22026557392019e-05 -7.34160566935316e-05 6.20888729372382e-05 6.33960875120465e-05 -0.000116461049515237 2.92833061621423e-05 -7.15075848347624e-05 4.45368637542742e-05 -4.96951882382746e-05 -5.40869505130104e-05 -0.000355618423384385 0.00033262065829831 0.000221576243973232 -0.000598189801678473
GUESS_LAM 470.443246385874 470.830917250004 469.54122652565 468.611627292555 466.997291981861 466.816788699947 466.67986535762 466.320482304285 468.064428868656 468.023187019022 469.40948087714 472.983972654744 473.968171637798 474.053119407979 474.095865139236 475.248833952315 474.99702858805 474.919731206773 472.47799518426 472.913218581811 472.209200429317 472.046128866654 471.543425514396 470.575563969731 469.061976358428 467.366772382159
STOP 130
START 131
DY0 2450
AUTO 0
COEFFS 468.764601496683 0.0024877393867586 -2.23436166404038e-07 1.28617312501173e-12 -3.62821703780644e-15 -2.28897717648527e-18
MATCH_LAM 467.36602 466.99839 468.61946 466.67979 466.32021 468.0646 465.19895 470.39898 470.57606 463.37657 471.28408 469.54542 466.81709 468.02377
MATCH_PIX -536.126737843475 -669.436896358308 -57.9429623139474 -782.413558402069 -907.609366408796 -274.981718391082 -1283.57800786286 701.646968551767 783.657321684765 -1856.06410109752 1131.03354972148 323.408397946571 -734.090154827346 -290.134998221628
MATCH_LRES -0.000218651805596437 0.000111793828011741 -0.000244055884820682 -0.000284764509046909 -0.000425442860432668 0.00102035732089689 0.000276708074125054 -0.000312439828292099 0.000565546233303849 -3.33302556896342e-05 -9.73325598465635e-05 -0.000363165585326897 0.000195115642782184 -0.00019033772508692
GUESS_LAM 467.414368047869 466.996861579674 468.666878929281 466.67797469194 466.320427490276 468.063617474743 465.195864845022 470.394876885222 470.574641893858 463.369045559695 471.283194503186 469.548055546497 466.816863749908 468.024011608832
STOP 131
START 132
DY0 2450
AUTO 0
COEFFS 465.214228310702 0.00246941885144341 -2.22937665817744e-07 5.89235798129738e-12 -1.49913607871004e-15 -1.30240217993096e-19
MATCH_LAM 464.00462 463.86849 462.7298 462.82015 461.94794 460.86201 460.79347 459.2666 459.54206 458.84258 459.63078 464.47072 464.66861 464.72509 466.32021 465.95698 466.67979 466.81709 467.36602 467.60552 468.0646 468.33517 468.02377 463.97036 465.02343 461.25435 461.18597
MATCH_PIX -469.482359287321 -520.214030258234 -926.355358694998 -895.1451256596 -1189.77852487173 -1537.29638524808 -1558.84162995177 -2014.32369693342 -1934.83866215767 -2135.12772669801 -1908.83591430395 -293.162200101333 -216.782150688977 -194.499440934511 467.288569411542 309.242979065072 628.490813968371 691.642663441283 951.890316071278 1069.46743039226 1304.70612991141 1449.12795521139 1283.11168412821 -482.732828615009 -76.4245444063719 -1414.63748929601 -1435.19545398001
MATCH_LRES -0.000441605730600259 0.000154367268635269 0.000140687253292526 0.000160566304998611 -2.4719815314711e-05 -0.000463588743002674 0.000383656907501972 -0.000329238324070502 0.000506379098851539 -7.19440917009706e-05 0.000159381619539545 -0.00024862324625019 0.000247740459371926 -0.00035852083658483 0.000203990986335612 0.000260870164879634 0.000399031794245275 -3.3024293827566e-05 -0.000571048950064323 0.000251718560605241 -0.000246981656573553 0.000112728477063229 0.000109584504798477 0.000893455609855209 -0.00076930456231139 0.00154383768705202 -0.00196939560595411
GUESS_LAM 464.052773389853 463.867824855333 462.726242631272 462.818781028378 461.950036437961 460.855168191192 460.791271256662 459.347234512692 459.538785837044 458.842277698587 459.628992860581 464.481019479374 464.66920825373 464.726043080984 466.361190338474 465.958996577195 466.680266494129 466.81783468455 467.367586219157 467.604842584286 468.065370364869 468.335290975042 468.023511286275 463.969402840906 465.024334801443 461.252915345255 461.188337081923
STOP 132
START 133
DY0 2450
AUTO 0
COEFFS 461.717081063091 0.00245479924491432 -2.21187067994752e-07 5.41525392661502e-12 -1.89372138438786e-15 -1.1294977278863e-19
MATCH_LAM 458.11732 459.2666 460.79347 460.86201 462.11629 456.72402 456.36609 456.13472 455.21536 457.09722 457.98272 456.81426 455.83458 461.25435 461.94794 462.7298 462.82015 463.86849 464.00462 463.97036 464.47072 464.72509 464.66861 463.37657
MATCH_PIX -1305.8134453644 -919.927740672891 -364.226729756263 -338.060309465281 164.935308329342 -1742.58622104691 -1849.71928296534 -1917.8829670009 -2181.62155544327 -1628.53303725722 -1349.17795951185 -1714.9598689297 -2005.12586241681 -185.185769706741 95.0040794968586 428.940966560747 469.016306238951 957.910708949042 1025.04797669056 1008.04092205303 1263.07262808659 1398.69188133716 1368.54762109934 722.369199123645
MATCH_LRES 4.05080386371992e-05 0.000437795542325148 0.000129621886799214 0.000310897457836745 0.000320081275390294 0.00059855038148271 0.000476101536662554 0.000136021221635474 1.97939016288728e-08 -0.000109805850172506 -0.000708370845472928 -0.000389533867632963 -0.00042403564310689 -0.000515243876748173 -0.000365109323865909 8.96327215968995e-05 -8.05309696829681e-05 -0.000184148414575702 4.44283631964026e-05 2.53032134764908e-05 0.000191455794777085 0.000252609059771203 -0.000409662840809233 0.000133415084235367
GUESS_LAM 458.116926967593 459.269727979221 460.798870700059 460.867062908667 462.122665827883 456.724644384553 456.3674797644 456.136263864583 455.218629306589 457.097747760219 457.983766943469 456.814827983159 455.835300044771 461.255387945382 461.948518168579 462.731751792995 462.820474307826 463.862408809429 464.004258392299 463.970128295692 464.473657717064 464.726536172334 464.669465942157 463.376416619489
STOP 133
START 134
DY0 2450
AUTO 0
COEFFS 458.272174562943 0.00243882073107973 -2.20242990647882e-07 6.70895742938715e-12 -1.79663484918109e-15 -2.922163001661e-19
MATCH_LAM 457.09722 456.72402 456.81426 456.36609 456.13472 454.5915 454.45142 453.52546 453.41198 453.03188 452.11939 451.92592 455.21536 457.98272 458.11732 460.86201 461.36044 460.79347 461.5024 459.2666
MATCH_PIX -462.163844352684 -601.374558639357 -568.069187072587 -731.983342277679 -814.781323323316 -1338.85719750813 -1384.11788839601 -1675.7039345313 -1710.28072008414 -1825.33293583586 -2092.69503886473 -2148.1171876625 -1132.67157761658 -117.328455417302 -63.0519769875289 1186.0524880497 1452.47242344467 1150.91607456707 1531.42370944412 423.565080281619
MATCH_LRES -3.88159181738956e-05 -0.000187527175683044 -2.29886931606416e-05 0.000183299331183662 0.000179236816052253 -3.08084202629288e-05 -0.000302017172657543 0.000338778400021056 -0.00024383747347656 5.16691602570063e-06 -0.000335682052821085 0.000299710673118625 0.000289523550918602 -0.000268466033901404 -0.000204797096557741 0.000133985122431568 -8.55419838785565e-05 -0.000332402454603198 0.000131834959177013 0.000491349407809594
GUESS_LAM 457.145149352159 456.724360834988 456.814448168461 456.365720213294 456.13394120646 454.587638113981 454.451846406698 453.528139951981 453.413396090652 453.033719337581 452.125628320931 451.928216488789 455.215266544711 457.981567626422 458.11726295588 460.872138654718 461.361214532272 460.792581913266 461.501220573632 459.265696230744
STOP 134
START 135
DY0 2450
AUTO 0
COEFFS 454.878998217997 0.00242485671309371 -2.19971203575923e-07 6.43432102221727e-12 -1.68575473729299e-15 -2.56885467550682e-19
MATCH_LAM 449.99829 449.33337 451.51182 451.36799 451.32231 450.52167 451.92592 453.33042 449.89399 448.6897 448.74951 448.96641 448.86808 453.41198 453.52546 454.45142 454.5915 454.72498 455.21536 456.13472 456.72402 457.09722 456.81426 457.12195 456.36609 457.98272 455.83458 451.05259 453.03188 452.11939
MATCH_PIX -1724.82035625415 -1925.19795894225 -1242.15840398567 -1289.89197685411 -1304.77434389007 -1562.10603413068 -1103.08549921542 -604.927084524046 -1756.64936594942 -2112.88922006285 -2095.77715751491 -2033.01215100247 -2061.48718161994 -574.681711688278 -532.049318737761 -173.684858381238 -117.168993014326 -63.0435431493255 140.682447118966 544.276146836013 820.866749650141 1004.37974643904 864.699557954893 1016.95191283602 651.064482454537 1472.06488518358 409.017753484067 -1392.78514965278 -714.264408444558 -1036.73197057253
MATCH_LRES 0.000164716194888115 0.0002755804410981 -0.000130213177783389 0.000346182300802411 -0.000103588620333994 -0.000501866483318736 0.000119217740859767 0.000408100940433087 3.93919376620033e-05 -0.000355117758772394 1.15382784997564e-05 0.000288111118891266 -3.85381750902525e-05 0.000539033260679389 -3.29737804349861e-05 0.000253628507493886 -0.000349645951587263 -0.00027074759759671 -0.000436663787638736 0.000216388920932786 6.12140816542706e-05 0.00010587919206273 -0.00013052688842663 -0.000203319657146039 0.000153409797576387 1.41018200565668e-05 0.000182375168719773 -1.1166980868893e-05 -0.000170195436169251 -0.000444308260455273
GUESS_LAM 450.044123500623 449.335459407055 451.512372927885 451.367831850137 451.322533581618 450.522434689909 451.925478012405 453.324964901638 449.893911832348 448.691104448143 448.749328089011 448.9660718844 448.868127536398 453.412093648076 453.526170768736 454.451840606905 454.592149353006 454.725127194432 455.215442494318 456.134689028162 456.72635608472 457.099876700621 456.814225987723 457.123436401648 456.364714278425 457.981759639301 455.834288010768 451.05269006906 453.032163014796 452.119906031293
STOP 135
START 136
DY0 2450
AUTO 0
COEFFS 451.535430992248 0.00241112135459189 -2.1944914171957e-07 6.18197371243265e-12 -1.56270884519808e-15 -1.79235149665917e-19
MATCH_LAM 448.6897 448.96641 449.33337 449.99829 448.33468 448.21689 447.52212 446.95249 446.53406 445.8001 446.12412 446.15278 447.96376 448.74951 450.52167 451.05259 451.36799 451.51182 453.33042 453.52546 454.45142 451.32231 445.25649
MATCH_PIX -1071.88385694494 -976.047224368301 -846.329872535531 -603.796680515781 -1192.45164429163 -1232.09229715461 -1459.94148649367 -1640.43371641518 -1769.92739834287 -1990.14270054932 -1894.03431311696 -1885.55246633605 -1316.02454348355 -1051.25458441621 -405.247022027035 -196.714673188266 -68.9653206883927 -9.74676888963475 801.937133499857 897.210573608026 1378.30433614747 -87.6526395951971 -2148.17334068899
MATCH_LRES 0.000266368599795896 0.000417336641419297 0.000200266047045261 0.000244880189825381 -0.000352000999782831 -2.69005442419257e-05 -0.000327177716883398 -0.00063629180232283 9.32527095187652e-05 -4.36311553357882e-05 0.000425976717622234 0.000777480936676511 -0.00043746510237952 0.00016311908109401 -0.000170567247266717 3.25212528196062e-06 -0.000111424564579465 -8.94963417295003e-05 6.72331624400613e-05 5.10619818783198e-05 -3.30299670849854e-05 -8.95621515724088e-05 -0.000392681502489722
GUESS_LAM 448.7384016054 448.966600790805 449.334069739221 450.00099141674 448.335305936799 448.216613390042 447.523011430667 446.954120387745 446.534841520627 445.802909250114 446.123632488453 446.152104384442 447.963833779885 448.749455276393 450.519843486059 451.049771591372 451.367173071493 451.511101857184 453.332827430245 453.526692197847 454.44937568744 451.322423574654 445.258433159296
STOP 136
START 137
DY0 2450
AUTO 0
COEFFS 448.240308520443 0.00239687903606651 -2.17786146522827e-07 6.6588819798241e-12 -1.99671966965189e-15 -3.66892398897327e-19
MATCH_LAM 446.53406 445.8001 446.95249 447.52212 447.52212 447.96376 448.21689 448.33468 443.87464 443.22523 442.20479 444.53157 445.25649 448.6897 448.96641 449.33337 450.52167 451.05259 451.36799 451.32231 449.99829 450.6473 449.89399 444.59009
MATCH_PIX -670.080091063324 -935.756676180746 -512.954957169035 -291.835708716066 -291.835708716066 -114.131512843775 -9.67012892880149 39.5465841989167 -1579.92933426223 -1782.29134941779 -2087.23461251974 -1368.03227855398 -1124.87520272563 190.752617678694 311.640380931144 476.256571655141 1049.9993682974 1330.94787063331 1507.429103854 1481.14311509038 788.992661770562 1114.91380531888 738.744367865124 -1348.71221573346
MATCH_LRES -3.56909657739379e-06 0.000113356864005709 9.21525099784049e-07 3.40137390821837e-05 3.40137390821837e-05 -0.000141975822998575 -0.00022001961207252 -7.67031836517162e-05 -4.56025790640524e-05 -8.10989586739197e-05 3.88102437227644e-05 0.000143108772476808 -4.01837277763661e-05 6.15362075677695e-05 0.000106886245589521 0.000322803357732937 -6.42549121607772e-05 5.0082505708815e-05 -0.000202410444501311 0.000244706505441172 5.08328661226187e-05 -0.000117866185689763 -0.000153298126974732 -5.40902411216848e-05
GUESS_LAM 446.584029170932 445.800448404464 446.951300814118 447.517541567696 447.517541567696 447.96397165626 448.216774464688 448.334438406151 443.872724955704 443.225696374547 442.206730749322 444.531361184656 445.256649462296 448.689457680863 448.966495684657 449.33363643648 450.529154131238 451.052008214454 451.368658760161 451.321970463485 449.998334100703 450.647476272224 449.894190275834 444.590236032388
STOP 137
START 138
DY0 2450
AUTO 0
COEFFS 444.993620050664 0.00238389091860982 -2.18770311650063e-07 5.72566651315679e-12 -1.2411244223296e-15
MATCH_LAM 443.22523 442.37202 443.87464 443.91237 443.29628 444.59009 442.20479 441.68447 444.50338 442.48373 440.88828 440.29268 440.15811 440.84822 444.36657 441.6237 439.11099 439.3759 441.27392 445.0804 445.25649 445.8001 446.95249 447.52212 447.96376 446.53406 439.99688 447.85958
MATCH_PIX -696.420993082215 -1004.27897789629 -450.387244584543 -435.467574505197 -670.114949845661 -166.710108284023 -1062.93021648227 -1240.91905543652 -202.035648396641 -965.107410766844 -1503.65110491663 -1692.9998969315 -1734.87051833204 -1516.70520369249 -257.040406023474 -1261.22814583965 -2051.46310671217 -1972.99506311268 -1377.79940389736 36.6682529847477 111.381185545717 349.371383000821 893.912708822364 1186.78111565324 1428.61203181326 688.912048326823 -1784.92151396422 1369.8946146072
MATCH_LRES 0.000131592607885977 0.00020001401060199 -0.000354552909357153 -0.00113955218904493 0.000353813594074381 -3.72895408418117e-06 0.000711213206898265 -0.000170356776095559 0.000370037737297935 0.000814222736607917 -0.000357291202419674 1.75825771862037e-05 -0.000178395004809317 6.25404931042794e-05 0.000262997698371237 -0.000665126237606728 -5.55576311285222e-05 7.60457755859534e-05 -0.000429871345488664 -0.000339296022616509 5.56459123117747e-05 9.41894679726829e-05 -0.000602867820475694 0.000361625799996546 -0.000544439045370382 0.000384629303084694 0.000465919205851151 0.000478965198283277
GUESS_LAM 443.206971704635 442.370203027084 443.863769909166 443.90929384015 443.297582647617 444.58599805731 442.20534746118 441.687070059233 444.502714391769 442.483776010147 440.884121595506 440.290416487832 440.158906210384 440.847955381888 444.365971029523 441.624677540319 439.115836372149 439.375519419828 441.274609047344 445.085078911871 445.260487733226 445.801129325947 446.957849912794 447.521527809446 447.96563412708 446.533424570975 439.996351129931 447.858826883361
STOP 138
START 139
DY0 2450
AUTO 0
COEFFS 441.793375429149 0.00237054298859809 -2.16658452362351e-07 6.62068890442679e-12 -1.96590972063424e-15 -4.1335565756485e-19
MATCH_LAM 440.88828 440.84822 440.29268 440.15811 439.79149 439.11099 438.18599 437.81768 439.3759 443.22523 443.29628 441.68447 442.6001 443.87464 443.91237 444.59009 444.50338 444.53157 442.37202 437.47851 436.9875 436.59302 435.93719 435.83198 437.41239
MATCH_PIX -369.133443472044 -385.005877220879 -599.464366331251 -650.203904412722 -786.28074918116 -1030.78273739534 -1347.08067444979 -1468.5038058669 -936.967814980702 641.34744375846 675.049159416761 -45.716469078242 351.0352529899 960.456435476355 980.120590889701 1341.16428870769 1292.32293124608 1308.50512733679 249.839042829576 -1578.05937951203 -1733.28423745166 -1855.60384510172 -2052.73136523152 -2083.78439534226 -1599.23303268596
MATCH_LRES -0.000160286279253796 5.02691623296414e-05 -0.00013341683654744 -0.000210236840302969 -0.000181200002714377 0.000321273035581271 -9.47795159618181e-05 -3.31614231185995e-05 0.000516058149173659 -0.000738837697724648 -0.000169538359955368 -7.91176192365128e-05 0.00102397963138401 0.000468483252348051 -0.000339018192732965 -0.000682269937499314 0.00102234752671393 -0.000197755204737859 -0.000181084523944719 -0.000305236461656477 -0.000396479996084054 0.00096174886789413 -5.62747375170147e-05 -0.000199204455839208 -0.000206261821688258
GUESS_LAM 440.864820888819 440.84707367807 440.290298139008 440.157293036431 439.790101984702 439.108927199263 438.18757957703 437.819283691044 439.373145571023 443.198434877988 443.29588301149 441.68080782983 442.594523072727 443.870432910804 443.912960323567 444.596108963181 444.505085395868 444.534330631013 442.372339885995 437.47856958556 436.986524265322 436.590352466573 435.93609232147 435.83162989972 437.413083379065
STOP 139
START 140
DY0 2450
AUTO 0
COEFFS 438.638581054881 0.00235781348079041 -2.15052607405468e-07 5.00943557899629e-12 -2.24098401275392e-15 3.25341073431692e-19
MATCH_LAM 439.11099 438.18599 437.81768 437.47851 438.14018 437.41239 436.9875 436.59302 435.76132 435.34482 434.64367 434.43262 434.39515 440.15811 440.29268 441.68447 440.84822 440.88828 441.27392 441.44858 439.79149 433.57331 435.83198
MATCH_PIX 204.10295043121 -188.767765266173 -337.742923623953 -471.387841030839 -207.382704160027 -497.144540407656 -659.743301862171 -806.648174484839 -1104.67031918183 -1247.99995006645 -1481.4828343195 -1550.1227805271 -1562.18647787244 687.030023451189 752.624668040335 1491.30309406225 1032.9763375091 1053.97837776346 1260.28254794824 1357.05683019802 512.753551069551 -1820.12116753322 -1079.78029467183
MATCH_LRES 9.21026354490095e-05 0.000187773208494946 0.000188460356582709 -0.000197424021962433 -0.000133476684311518 -0.000103842725707182 -2.16057749753418e-05 -1.51895417843662e-05 0.000398593929730851 -0.000106350286046109 -0.000449986869057284 0.000194950336549482 0.0002048874225693 -2.76776874557072e-05 -0.000129554455838843 1.80764442347936e-05 0.000190520936712346 -1.28210124898942e-05 -1.00415587098723e-05 -6.28139078457934e-05 -5.94263387938554e-05 -3.04461963764879e-05 -0.000114708000182873
GUESS_LAM 439.132233825427 438.205439245367 437.841853060203 437.483911205307 438.139458096131 437.413443780273 436.990187381798 436.595885064211 435.758859525302 435.342515034253 434.642472392834 434.431872189376 434.394874843838 440.174034361658 440.296137811271 441.716187197106 440.845029479064 440.886122149023 441.274037370228 441.447782693054 439.790995081447 433.577895671772 435.832118964783
STOP 140
