START 139
DY0 2450
AUTO 0
COEFFS 442.074325368763 0.00228564049540136 -2.04992474957393e-07 3.16547286298678e-12 -5.89707846322544e-16
MATCH_LAM 438.30911 440.28173 440.41635 441.74782 437.9407 437.11036 436.71572 442.32899 443.34966 443.42074 444.21127 440.16217 436.05978 438.89674 439.23445
MATCH_PIX -1452.70824691777 -735.201179461591 -683.165806037483 -141.082292196381 -1578.00823622174 -1852.17739104304 -1978.89649475005 112.595330270444 588.830904320836 623.64745173074 1028.61625531373 -780.958218876097 -2183.45438059167 -1247.186997716 -1126.55015393322
MATCH_LRES 9.24558189581148e-05 4.31332510970606e-05 0.000306976282956839 4.73680797199449e-05 -0.000317007194496455 -0.000260948479763101 0.000771480079492903 -9.34041773348326e-05 -2.1134057647032e-05 3.11353197730568e-05 5.32549529452808e-06 -0.000414521556592717 -0.000302989995418557 -0.000535789347168247 0.000647920276662717
GUESS_LAM 438.324464252467 440.275776046458 440.410082152972 441.715603717357 437.939207704842 437.105790499152 436.71393115453 442.332344583747 443.351065010886 443.420776735931 444.196100994544 440.162939080948 436.062024902048 438.897385770382 439.23354414506
STOP 139
START 140
DY0 2450
AUTO 0
COEFFS 438.914356432645 0.00227008360051947 -2.04999283668587e-07 2.42449556846833e-12 -6.02494441798974e-16
MATCH_LAM 437.11036 436.71572 437.9407 438.30911 438.89674 435.88382 435.46725 434.55478 433.84966 433.01327 433.20618 433.51555 433.35572 434.51726 435.57067 439.23445 440.28173 440.41635 436.05978 438.15168
MATCH_PIX -744.146809284757 -895.244735371792 -413.342420264749 -260.435191632909 -7.84703737592448 -1202.11484734912 -1350.4037900575 -1663.58823956797 -1895.75988439402 -2161.0966925106 -2100.97794999754 -2002.94639143897 -2053.88749294571 -1675.98806115798 -1313.96039138576 142.745507038096 639.065992518141 706.358461254214 -1138.38194355008 -326.177411445086
MATCH_LRES -1.78696403168033e-05 6.99258434337935e-05 -0.000121248528557771 -8.6794447952343e-05 0.000209622423483324 7.50357588685802e-05 0.000231897048990959 2.58202214808989e-05 -0.00011450517376943 -0.00018792698051584 0.000332056688250759 -0.000357074188002571 0.000367883809246905 -0.000465899631592492 0.000339078357626477 0.000219653747819848 -0.000169154587752018 7.91344529602611e-05 -0.00010437481222425 -0.000325261029047397
GUESS_LAM 436.917702763653 436.716866869357 437.94315453991 438.314782605442 438.910240543754 435.885650740508 435.466994812272 434.554239916462 433.849400785793 433.013093194581 433.205639383037 433.515885210662 433.355261407781 434.517812138621 435.570470573193 439.234686869421 440.285306879232 440.41734566677 436.060294488777 438.151965307485
STOP 140
START 141
DY0 2450
AUTO 0
COEFFS 435.798812260732 0.00225462736083536 -2.04652640904236e-07 1.7490707452178e-12 -7.56416126750333e-16
MATCH_LAM 434.55478 433.84966 433.20618 433.01327 434.51726 435.46725 435.57067 435.88382 435.95452 436.71572 437.11036 437.9407 436.05978 433.35572 432.13413 431.64681 430.83876 430.10492 431.3012 433.51555 430.56283
MATCH_PIX -526.319534431044 -805.086772222692 -1048.94474841884 -1120.08708933904 -541.620469591278 -145.168329509196 -100.107140619169 37.9602994401465 69.365266229688 422.791646160888 615.87272045883 1049.5628089396 117.025989236649 -993.049437514905 -1434.89998309243 -1602.89470369865 -1872.38313488229 -2108.22459808102 -1719.33747100199 -932.876897556758 -1962.09872207157
MATCH_LRES -0.000373495476878816 -0.000102477229404485 0.000457924957686373 0.00024143277909161 -2.1522664155782e-05 5.67314949648789e-05 -0.00038521773217326 -0.000283783330189635 0.000299040287586649 0.000144336681501045 0.000309078503335058 -0.000147944524769628 -8.21845952714284e-05 0.00013025442711978 0.000223613258015121 -6.74527121304891e-05 -0.000272734399686669 0.00030185294747298 -0.000669084041192036 0.000121228731927658 0.000120402650622964
GUESS_LAM 434.367527648562 433.848826630616 433.208337522327 433.017449510684 434.517015973962 435.456359743413 435.570979985491 435.882934300074 435.953684955493 436.720987531096 437.111364223915 437.944643079998 436.059950690972 433.355483151699 432.138366408561 431.646629052593 430.835406019408 430.102429372082 431.302014733439 433.515780899196 430.563356373329
STOP 141
START 142
DY0 2450
AUTO 0
COEFFS 432.726853372839 0.00223985320886617 -2.0314590867323e-07 1.98606047582847e-12 -6.34190692311327e-16
MATCH_LAM 431.3012 430.83876 431.64681 432.13413 433.01327 430.10492 433.84966 434.51726 434.55478 429.30172 428.17715 428.22728 428.26195 427.95268 427.40768 427.45601 428.47235 433.51555 434.36648 427.15304 428.98754 430.08437 430.51999 432.64905
MATCH_PIX -603.172039148327 -786.334556823788 -462.625646545095 -258.31478933927 129.374325290517 -1066.18520515907 526.21023044491 867.125797314725 887.058157810625 -1358.85079585877 -1746.99644947655 -1730.19213875889 -1718.40032694549 -1821.94833806113 -2000.24089739068 -1984.79874725493 -1647.18276568634 364.095424382849 788.016835753456 -2082.02164159797 -1469.34896139197 -1073.96240305091 -909.272537970394 -34.7762875249847
MATCH_LRES -0.000208938199534714 -1.69718867937263e-06 -0.000126347046887076 -0.000543885069646421 3.32050422571228e-05 0.00031785531047035 0.000182732107020911 -1.73703647305956e-05 -9.71734818904224e-05 0.000742332110007737 -0.000190531457121779 -9.65683906883896e-05 -0.000461702565701216 6.52125276587867e-05 -0.000101818057544278 0.000463756014994487 -0.000333427640327955 2.17418836427896e-05 4.90958575483091e-06 5.06136324815998e-05 -0.000341646655272143 0.000646102824816808 -0.000343529537076392 0.000336173489870362
GUESS_LAM 431.117662144339 430.838398949176 431.648132553957 432.139782441455 433.031398233746 430.104006390861 433.847597189505 434.516727785866 434.554777985266 429.303806496637 428.18852664837 428.228291667197 428.263118846964 427.951784286122 427.407140376378 427.455385012314 428.472676236531 433.515712529762 434.366467734944 427.153502609649 428.987903544585 430.083664000749 430.52059304818 432.648356690102
STOP 142
START 143
DY0 2450
AUTO 0
COEFFS 429.697814840927 0.00222528279951268 -2.01683607130031e-07 1.56137289825617e-12 -8.335310066106e-16
MATCH_LAM 428.22728 428.47235 427.95268 427.45601 427.40768 428.17715 429.30172 430.10492 430.83876 431.64681 432.13413 426.38122 426.15317 425.97187 425.47362 424.22891 424.44557 425.6435 425.74518 431.3012 431.96301
MATCH_PIX -625.17107970995 -525.616034711625 -734.926672556002 -928.479648075182 -947.071008041336 -645.217131542205 -175.092634809024 186.076875728512 538.893957021197 958.879339807573 1231.96202638271 -1327.9307995044 -1409.3030184122 -1473.71034160784 -1646.5920247643 -2060.11419330034 -1989.98115599093 -1588.02703597425 -1552.82670104086 774.74136524029 1134.08568912133
MATCH_LRES -1.77618666157286e-05 0.000189409504628202 8.05751654979758e-05 6.04448167109695e-05 0.000261702712009537 -0.00034847721423148 -0.000271946447071514 5.64271010716766e-06 0.000149920250805735 -1.65470302704307e-05 -4.67894113853617e-05 0.00032379802360083 -0.000317761676114969 0.00042735942093941 -0.000146401256529316 5.64607207138579e-05 7.35924573973534e-05 -0.000340019964426119 -0.000149942806046965 -3.86859727541378e-06 3.06105848721927e-05
GUESS_LAM 428.047798286944 428.47296527006 427.952286328894 427.456770340837 427.408464609537 428.177557941491 429.303662074327 430.100661051806 430.838846578698 431.647880949607 432.134665772767 426.382667520278 426.153924642402 425.97121846756 425.473547053277 424.226835494516 424.445500666865 425.643941863288 425.74536867602 431.30119305416 431.962995074357
STOP 143
START 144
DY0 2450
AUTO 0
COEFFS 426.711114264596 0.00221100407605744 -2.0028610070884e-07 1.40887833255818e-12 -9.59641411552369e-16
MATCH_LAM 426.38122 426.15317 425.74518 425.6435 427.40768 427.45601 427.80107 427.95268 428.17715 428.22728 428.47235 422.85778 422.74893 423.66564 423.16174 425.97187 428.98754 423.44803 428.26195 421.42539 421.21092 424.22891 424.39145 421.27008 422.28805
MATCH_PIX -147.064388006789 -246.770938512591 -420.740867121375 -463.546222206005 324.681923106493 347.893252930423 517.101563040006 593.272291878055 708.301944658145 734.340504307436 864.03123306327 -1526.98896437491 -1564.9613302063 -1236.81638768061 -1419.21674697785 -324.753599929847 1149.03593622354 -1316.11175707756 752.685108498973 -2011.93461536026 -2081.33633957414 -1026.12166757054 -964.05771303652 -2062.09815744271 -1724.04643061306
MATCH_LRES -0.000397598551671763 -0.000111381775866448 -8.42638971221277e-05 0.000509456664815389 -0.00023104726898282 -0.000102359487641479 7.11872286842663e-05 0.000158070985776249 0.000200004710904977 0.000262512482720467 8.79721829960545e-06 8.43733857891493e-05 -0.000370983625145982 0.000423569270651569 -0.000148232566800743 -3.06495446693589e-05 -0.000127498289828054 -0.000139125402768059 -0.000177815963070316 0.000603708335290776 -8.21998406763669e-06 2.74060860760983e-05 0.000109921751004549 -0.000354802027061396 -0.000175030076661642
GUESS_LAM 426.214559596065 426.150311268883 425.738847191485 425.635936072052 427.463184165374 427.456819605027 427.792893705713 427.951200381759 428.173485570241 428.226529270676 428.469150645243 422.854242660562 422.749356751053 423.666123109684 423.162014101654 425.971874276873 428.983715411077 423.448458947322 428.262025403782 421.427055637436 421.213099057596 424.228847971891 424.391302619748 421.271211274959 422.288259288763
STOP 144
START 145
DY0 2450
AUTO 0
COEFFS 423.7651605866 0.00219674070174131 -1.97937856252032e-07 1.12190096662225e-12 -1.31292045095335e-15
MATCH_LAM 421.42539 422.74893 422.85778 423.16174 423.66564 424.22891 425.47362 425.74518 426.15317 425.97187 419.61181 418.83205 418.00264 420.8798 418.66478 424.39145 423.44803 425.6435 418.53168 420.69756 422.28805
MATCH_PIX -977.803795212491 -444.443784949763 -398.779049431472 -268.175186813201 -45.2043872501786 215.054523734094 841.412792703909 989.793465030518 1221.9683561511 1117.17545449617 -1641.1486978908 -1906.79463737731 -2177.34300739472 -1184.91956671039 -1962.11199924851 292.841580781232 -142.327518732881 933.808241502431 -2005.97859752509 -1252.82504063541 -635.947757243409
MATCH_LRES -0.000291737111467683 -0.000654394065236374 0.000214944924778138 -4.5529144927059e-05 0.000186313349502143 0.000476356579952153 0.00021859321446982 -0.000209984941420771 0.000104211329642112 8.7947540521327e-05 -0.000569464779061946 0.000432431747867668 1.47937132055631e-05 -3.33438506459061e-05 -0.000157293883717102 -5.17284665875195e-05 -0.000460508440426111 -0.000308998218258694 -5.8716868807096e-05 0.00064915927077891 0.000456948102510069
GUESS_LAM 421.424856841143 422.750530889011 422.859271884704 423.166133728954 423.664814009565 424.226686745964 425.467498477392 425.745289767539 426.152457693152 425.971729437286 419.600461858463 418.825909287526 418.003427178218 420.879249424871 418.665078345568 424.391367047332 423.448288385118 425.643889502576 418.531787958259 420.696643692569 422.287503404997
STOP 145
START 146
DY0 2450
AUTO 0
COEFFS 420.860476404267 0.00218171412228348 -1.98803449399585e-07 2.09312083647823e-12 -3.81377088113128e-16
MATCH_LAM 421.42539 419.61181 418.83205 417.9237 422.74893 418.00264 419.30084 420.69756 420.8798 421.1643 418.66478 417.17087 416.36823 416.29122 417.25168 416.69407 416.98092 423.16174 423.20149 422.28805 422.85778 416.03265
MATCH_PIX 265.15369124896 -545.297706784927 -861.181620628301 -1210.77948557708 946.625871301945 -1181.03418682877 -673.139691995615 -74.0631169086546 8.99546151883382 141.031595835208 -927.153001840829 -1486.07142699292 -1767.15542278594 -1793.81101769893 -1456.97506186692 -1654.56657849051 -1553.30794022328 1180.64587594565 1203.79104887972 698.654229476503 1006.79074259285 -1881.86657744729
MATCH_LRES 0.000364078836980752 0.000504534671335932 -0.000588343705146599 0.000776449775116816 -0.000134849159962869 0.000332027102558641 -0.000240072974179384 -0.000240488772419667 -0.000285844377117428 8.14337818155764e-05 -6.96248832241508e-05 0.000345115113191241 -0.000717231390183315 5.81719856427299e-05 0.000114145941211063 -3.3648632609129e-05 -0.000951725459742647 -0.000154838913147159 -7.61313714860989e-05 -0.000273655525802496 0.00054246742416808 0.000648030635318264
GUESS_LAM 421.432792385419 419.597391222189 418.817977481054 417.913500549973 422.76239963757 418.002798303345 419.301075944156 420.698006158592 420.880162236092 421.164228887724 418.664845920883 417.172135002744 416.366721745353 416.289904805289 417.252112648538 416.6942668615 416.982165661302 423.16324518632 423.20137862177 422.288904517876 422.857086360416 416.031393728239
STOP 146
START 147
DY0 2450
AUTO 0
COEFFS 417.99488677751 0.00216880211358957 -1.96269591734885e-07 2.07251614876242e-12 -6.78942696438568e-16
MATCH_LAM 417.9237 417.25168 418.00264 416.98092 416.69407 416.36823 416.29122 414.38692 413.66462 413.21673 413.14897 413.92077 417.56163 419.30084 419.61181 417.17087 418.66478 414.93514 418.53168
MATCH_PIX -32.8045477009978 -332.437385815072 3.7135489195737 -449.093145961725 -570.13658966403 -704.793405611635 -736.020526799328 -1464.90726597698 -1720.97401709868 -1874.79817453475 -1897.98225058726 -1631.0818790611 -196.17538339299 638.904243032195 803.655439948873 -367.797342787516 317.931887846298 -1263.78439527728 253.162241998183
MATCH_LRES 0.000171082064298389 -0.000440779238374489 -0.000298023716936768 -0.000172712995549773 -4.89518317294824e-05 0.000287481645671051 -3.3915660992534e-05 -4.56070501968497e-05 6.56260965570254e-06 -0.000183733323524393 0.000440948138987096 -0.000662914186989383 -0.000221146528076588 -1.40536629942289e-05 -7.58382322487705e-05 0.000328763030893242 0.000141269972459668 0.000538852942383983 0.000282716433844143
GUESS_LAM 417.771200690944 417.245055558109 418.004200954513 416.982852893126 416.694025893812 416.368105010617 416.291635057339 414.388515881985 413.665521142626 413.217333352369 413.148432774883 413.921337503139 417.561735098424 419.301433345233 419.611507205386 417.17025725981 418.665035871496 414.934367539548 418.531890425113
STOP 147
START 148
DY0 2450
AUTO 0
COEFFS 415.168319584853 0.00215556026684396 -1.95445590490472e-07 1.40774872519832e-12 -9.20532060034868e-16
MATCH_LAM 413.21673 413.66462 413.92077 414.38692 414.93514 416.69407 416.36823 417.17087 417.25168 411.78749 411.69201 410.95791 411.08843 410.14985 409.59031 409.89038 416.98092 410.55398 414.871 410.37756 411.04832 409.48271 411.96518
MATCH_PIX -840.827419421006 -658.097804837091 -551.084135341439 -351.252603705194 -107.094624173043 759.950697636956 587.898175230904 1023.9006097465 1070.07510035587 -1389.98626895827 -1424.97842660364 -1688.13519832438 -1642.2934363883 -1966.31801275809 -2152.18473944322 -2053.18273657807 916.936620905781 -1828.78105795444 -136.153413732829 -1889.05800270188 -1656.18335492728 -2187.1302181286 -1324.08236802171
MATCH_LRES 0.000339777546457753 8.98538875162558e-05 2.15827396345958e-05 -6.46459502604557e-05 -8.72019655844269e-05 0.00019479568635461 3.51262176536693e-05 -0.000128657968673451 2.81676021813837e-05 0.000199337452954751 5.08389281890231e-05 -0.000303054577955209 0.000246611829709309 0.000183156588775546 0.000221565522281253 0.00027525644054549 -2.09624157037069e-05 0.000270832236083152 -0.000205704649374638 -0.000113395592336474 -0.000579389486915716 -0.000405047412698423 -0.000248842513769887
GUESS_LAM 413.056378105182 413.665171097222 413.922214718799 414.3911669126 414.944629052244 416.694692443189 416.368169811827 417.170669531542 417.251417135069 411.776679324285 411.691847692557 410.953808908173 411.087962604699 410.148694197642 409.590696861713 409.890212819476 416.981216436494 410.553722726907 414.871135728015 410.377844837646 411.049002216802 409.483369778598 411.965469693246
STOP 148
START 149
DY0 2450
AUTO 0
COEFFS 412.37977416143 0.00214181729297289 -1.94538417232175e-07 1.77131994794563e-12 -7.58695529093948e-16
MATCH_LAM 411.78749 411.69201 410.95791 410.55398 410.14985 409.89038 409.59031 413.21673 413.66462 414.38692 413.92077 411.04832 410.37756 408.76742 407.66537 407.0351 406.85996 409.72326 411.96518
MATCH_PIX -269.817857421504 -312.098206320283 -627.791699173152 -794.416977250228 -957.085306306667 -1059.08709298198 -1175.08340241386 405.678745636993 636.159425141646 1033.75483924639 773.700386365112 -589.84432225139 -866.006369305828 -1482.48171368645 -1872.46081150759 -2086.0722478103 -2144.07563584395 -1123.9683037626 -190.164950190279
MATCH_LRES -0.000182070067239692 -0.000296708505857168 -2.09703974860531e-05 -0.000335033109479355 0.000366802941869082 0.000242678927065754 0.000293210374536557 -1.54189457930443e-05 0.000706275921572797 -0.000165230713093933 -0.000224453818077563 2.30401334420094e-05 8.7814404139408e-05 -0.000166217291734938 -0.000906920057559546 0.000331367890339607 0.000201356628394933 0.000307849018952311 -0.0002473732321846
GUESS_LAM 411.636382698799 411.691327489938 410.95297168149 410.548796240743 410.144577221321 409.891422310611 409.590679455799 413.220886881126 413.664536384084 414.39060901432 413.921076570699 411.048350725654 410.377564239732 408.767467509509 407.662752219218 407.03305191939 406.860355944758 409.723086229347 411.965074304162
STOP 149
START 150
DY0 2450
AUTO 0
COEFFS 409.628464484391 0.0021292048404496 -1.93308177800848e-07 1.17534827990542e-12 -9.96453864387237e-16
MATCH_LAM 409.89038 409.72326 409.59031 408.76742 407.66537 407.0351 410.14985 410.37756 410.95791 411.78749 411.69201 408.46217 409.02919 406.45546 409.48271 409.45475 411.04832 410.55398 404.45374 404.1007 407.13875 410.82093 406.03993 406.54793 406.85996 411.96518 405.20315
MATCH_PIX 124.406192660643 44.8126798522864 -17.8330915758374 -390.516890344751 -855.047631123815 -1105.6690129405 250.599852939713 363.899268570792 664.261681070442 1129.4729273336 1073.75443323097 -522.873430303334 -274.613720722372 -1327.3552373487 -67.9323709833181 -80.986688052962 712.850843207273 453.225109675484 -2039.89013712947 -2157.79855546004 -1065.05830227954 591.883390560607 -1481.85096891202 -1292.7339914087 -1173.63396500938 1236.65898853716 -1781.97984019568
MATCH_LRES 1.90351434525837e-05 -0.000231764102920806 -0.000122697017900464 1.93041133798033e-05 7.32941604155712e-05 0.000229260493995298 -6.76628158657877e-05 -0.000161346656454953 0.000241831031019046 0.000679419929838332 4.62832088601317e-05 0.000102456422098385 4.22774152752936e-05 -0.000367147016220315 -0.000220081646432391 -8.69087779165056e-06 0.000112372281819262 0.000147052920624446 0.000234618097749717 0.000102771429965287 -6.03764635798143e-06 -0.000176011793143971 -0.000258875285453541 0.000332168159559387 0.000459140818804826 -0.000646011710045968 -0.000574959128357477
GUESS_LAM 409.752000134508 409.72126500617 409.586555509862 408.755956606112 407.650654708461 407.034303660447 410.149998057895 410.3778187535 410.958042575009 411.789725034128 411.692528496338 408.461909990606 409.029174142504 406.457085261608 409.482833429034 409.454647241055 411.04879322249 410.553789133893 404.427265119738 404.102672296941 407.138527349976 410.821090546646 406.040272185915 406.54755355425 406.859516087588 411.966578867548 405.203895749986
STOP 150
START 151
DY0 2450
AUTO 0
COEFFS 406.91347819764 0.00211659573208494 -1.92023883621369e-07 1.13904399818209e-12 -1.04114937871057e-15
MATCH_LAM 405.20315 404.45374 406.03993 406.45546 406.85996 407.0351 407.66537 408.76742 409.02919 406.54793 404.23451 404.1007 403.7706 402.02648 403.71883 405.10886 407.57924 407.13875 408.65871 402.59397 408.46217 405.54472 403.53862 401.58512 403.19815
MATCH_PIX -755.942650411175 -1059.15950885701 -398.263267201139 -212.259863729235 -25.18906367046 57.8141082843166 367.417282891071 959.230070997334 1111.76411272833 -170.023160585548 -1145.09447146613 -1196.97168369251 -1323.22234728884 -1952.07675442871 -1342.85688276174 -794.941811869131 324.054605713693 107.37350916057 897.681710977452 -1754.05748563834 787.904880977668 -612.268289738793 -1410.69316733045 -2101.99220016298 -1536.25256790176
MATCH_LRES 0.000260741334102477 0.000153971883889881 -3.01138867939699e-05 -8.5377637219608e-05 -8.12773280927104e-05 -0.000105666683282379 0.000102779424651089 0.000201123746421672 -7.27414387711178e-05 -0.000120430675167427 2.39029545241465e-05 -6.18879259377536e-05 -0.000102608176575814 7.71425284824545e-05 5.06186280517795e-05 0.000286347878898141 6.62154417341299e-06 0.000218076365342768 -0.000206274358390601 -7.14918799076258e-05 6.70951348524795e-05 -0.000441535017046135 0.000468058028047835 4.6380046626382e-05 -0.000583454139416517
GUESS_LAM 405.053560678896 404.454920370649 406.043223403677 406.461882532688 406.870381747827 407.03524520814 407.666061034516 408.771329485107 409.028809037905 406.547908173703 404.234411044946 404.100592262336 403.770057216519 402.025629461828 403.718625661674 405.108618600034 407.579328219717 407.138484428282 408.659383021804 402.59349394223 408.462061681425 405.545217830877 403.538190629161 401.58494428798 403.198854435123
STOP 151
START 152
DY0 2450
AUTO 0
COEFFS 404.234293795556 0.00210332982745516 -1.91318455205821e-07 1.86544007989689e-12 -6.17182952753331e-16
MATCH_LAM 402.59397 402.02648 403.19815 403.71883 403.7706 404.1007 404.23451 404.45374 405.20315 405.54472 406.03993 401.58512 400.62253 400.21892 399.56791 399.16209 400.14115 400.30251 400.93434 403.14315 403.09649 403.37352 405.10886 406.45546 406.54793
MATCH_PIX -730.996078516721 -964.214466479804 -472.244542357172 -239.815860279182 -216.1793090558 -63.0734565552619 0.0387483940837503 105.232783495171 481.658182979197 662.789889041461 937.90648650322 -1139.48145840821 -1506.09397952983 -1653.92875347188 -1885.56027194401 -2025.88101129556 -1682.03977707475 -1623.8362685804 -1389.85916614239 -496.212680474444 -516.364687742622 -394.991252510344 432.834056914472 1182.36479758406 1238.47385001696
MATCH_LRES 0.000338974534884073 0.000323566441579715 3.62634989414801e-05 -2.11341839531087e-05 -3.62327917855509e-05 -0.000167920479668737 0.000134704078107006 0.000223502753613047 -2.01994467374789e-05 -1.92055866818919e-05 0.000144860396062541 -0.000256667359849416 -0.000431624150508014 -0.000210166394367661 8.00496557076258e-05 6.67869522885667e-06 -0.00015227542547791 0.000435115338291325 0.00026128648789836 -7.17503468194991e-05 -0.000406119378794756 2.20976050968602e-06 -0.000113565861568077 -0.000153561271815761 7.32110477201786e-05
GUESS_LAM 402.447792085526 402.026789129521 403.200333102071 403.72446119315 403.776672309953 404.101177859042 404.234227347419 404.453813558272 405.205467416944 405.544863681756 406.040035901003 401.58567844513 400.623091059279 400.218421277452 399.566821631923 399.162931550218 400.140755964757 400.301874124249 400.93429221879 403.143331987463 403.096980211148 403.373524740893 405.108929231139 406.458067856062 406.548978020117
STOP 152
START 153
DY0 2450
AUTO 0
COEFFS 401.590316247768 0.00209143822901838 -1.89184440795401e-07 1.51295484927649e-12 -1.46531283054119e-15
MATCH_LAM 400.21892 399.56791 399.16209 400.62253 401.58512 402.02648 402.59397 403.19815 403.71883 403.7706 400.14115 399.77997 400.75133 398.12151 398.22325 398.60065 398.72029 398.99732 400.30251 400.93434 403.09649 403.14315 403.37352 400.42375
MATCH_PIX -620.699874304954 -893.908973929368 -1058.10867046247 -444.837200645477 -2.36005881990107 212.655255611063 502.771555638913 831.222639812632 1134.32145179445 1165.42644476795 -653.941503898889 -805.967977109719 -387.322299369225 -1460.25009022606 -1422.18551703191 -1278.13549673995 -1232.05518586651 -1123.27388434769 -584.815841932857 -305.206830245082 774.156632584084 800.156112141384 931.066409962109 -532.011607631708
MATCH_LRES 0.000225273256717173 0.000337710695191618 0.000181514059022447 0.000189675654553412 -0.000259276774784212 -4.77844802162508e-05 -0.000138653220972174 -7.30411375684525e-05 -0.000210952589725366 0.000128481914032363 0.000105820427393155 -0.000412349415569224 -0.000423517103513404 -6.19134846147062e-06 0.000340155818832955 -0.000397762167551718 0.000121399860859128 -0.000558866846233741 0.000476858534796065 2.34728170767085e-05 0.000279064082064906 0.000307545519433461 -0.000183022226451612 -5.55531318013891e-06
GUESS_LAM 400.076669949679 399.567162260649 399.162525360953 400.624236163729 401.594778696915 402.026383417951 402.595410247834 403.199649905658 403.720944507105 403.770656959588 400.141309160503 399.780644564377 400.751813938738 398.117671080423 398.222782701111 398.600914712861 398.719948470346 398.997943332421 400.301989995584 400.934346647284 403.095792369064 403.14264658009 403.373742230364 400.423756225517
STOP 153
START 154
DY0 2450
AUTO 0
COEFFS 398.980894085637 0.00207804264638727 -1.89610636436607e-07 3.60877433241933e-12 1.04134144670938e-15
MATCH_LAM 399.16209 398.99732 398.97281 399.56791 399.77997 400.14115 400.21892 398.60065 398.22325 398.12151 397.3278 396.85146 397.37631 396.80866 397.01252 397.75396 398.32289 396.51515 396.35406 396.04203 397.07883 400.30251
MATCH_PIX 87.9318448665862 7.95873129118876 -3.83049912155513 290.014931193501 398.935227496803 589.724207956657 631.724906754499 -180.089029656443 -353.273054907248 -398.862613691966 -744.328615638565 -942.630779470031 -723.866688264276 -960.035670562821 -876.248619312663 -561.25247497643 -307.995169884931 -1078.93342529969 -1143.05810965994 -1265.81620023026 -848.934224704952 677.085868394701
MATCH_LRES -6.66538572318132e-05 -0.000100660290399901 -0.00012136279809738 0.00020502114654164 -7.59614863454772e-06 -0.000140443196869455 -0.000131901899635523 0.000158043702128907 0.000279035047526577 -0.00016250511259841 -0.000129888616470453 7.23941546425522e-05 7.7386673183355e-05 -0.000172294170454279 -9.27772121031012e-05 -0.000364643331408843 0.000105737508988568 0.000172237319873147 -0.000156803498214231 1.31744897657882e-05 0.000374844429984478 0.000189655556312118
GUESS_LAM 399.033845332397 398.99558968938 398.970850314655 399.572557844263 399.78769752281 400.139347333652 400.218828532581 398.599736715278 398.223746769068 398.122104100261 397.328042163676 396.850887279703 397.376285298569 396.808806967499 397.012581859369 397.75431880677 398.322742815344 396.514883590249 396.354214133561 396.039588486278 397.078450085495 400.302091772112
STOP 154
START 155
DY0 2450
AUTO 0
COEFFS 396.404970146642 0.00206705789922356 -1.88030565519128e-07 1.04077728791118e-12 -1.13809306300488e-15
MATCH_LAM 396.80866 397.3278 397.37631 396.85146 397.01252 396.35406 396.04203 397.75396 395.15134 394.84478 394.69371 394.66241 393.81544 393.40248 393.07818 396.51515 397.07883
MATCH_PIX 198.931586889179 466.119418709768 491.951885055627 220.522989612195 302.14308199036 -24.7854649768843 -172.875665407082 696.75868041358 -576.1895475969 -708.877023012153 -773.0140032681 -786.215927740798 -1134.12773625093 -1296.89939179604 -1421.83336097435 53.8645759353256 336.135963598422
MATCH_LRES -7.85863388728103e-05 0.000135244218597563 -0.000103902822957025 -0.000208404671070639 0.000148779747632943 0.000438371601831022 2.97375456739246e-05 -5.08027949308598e-05 0.000136635955186648 0.000244433979503356 -0.000150532586644658 -0.000237276996131186 3.22044383551656e-05 2.34984110534242e-05 -1.08912814766882e-05 -0.000615946411528512 0.000267437936145143
GUESS_LAM 396.685201831432 397.333940969057 397.383364114005 396.852062330764 397.011582122607 396.353804170998 396.040054896703 397.755078598829 395.151915728621 394.844897729852 394.694278280068 394.662827318168 393.816847660117 393.404156583519 393.08008828116 396.515866608241 397.078506576233
STOP 155
START 156
DY0 2450
AUTO 0
COEFFS 393.862288913081 0.0020538788248939 -1.91435630997247e-07 6.93802541191254e-12 7.30389508555382e-15
MATCH_LAM 391.75266 391.96111 392.49105 393.31111 393.40248 393.81544 393.07818 393.33398 393.53894 394.66241 394.84478 395.15134
MATCH_PIX -944.126172966124 -856.865153651381 -630.3829502124 -262.059292357441 -219.239116762475 -22.9308299401373 -369.085816432014 -251.147763028561 -155.045218165202 404.533932385011 501.096730845631 667.428521175357
MATCH_LRES 0.000168166747073428 -0.000298716479505856 0.000149099054567614 0.000296390360801979 -0.00026059078408025 0.000348975856468314 0.000240116737472817 -0.000326151972387834 -0.00028125946749924 -6.94966130367902e-05 3.47291773437064e-05 -1.26257924648598e-06
GUESS_LAM 391.620218545723 391.961779232614 392.491748836189 393.311732020417 393.403608634645 393.816485512951 393.07849111028 393.334366431024 393.539223974248 394.661809041651 394.843955086653 395.149323897827
STOP 156
START 157
DY0 2450
AUTO 0
COEFFS 391.352269055709 0.00204404673030192 -1.89866922745344e-07 -2.44031688611305e-12
MATCH_LAM 388.65058 389.6523 390.4208 390.19833 390.62923 391.75266 391.83784 392.49105
MATCH_PIX -1191.848875594 -776.092239951619 -438.027809330133 -537.964390804213 -342.88517244216 199.773595554177 242.959550648662 589.636363533151
MATCH_LRES 8.0896333884084e-05 -0.00038050276168633 0.000104617943406993 0.000253932493478715 5.85831262469583e-05 -0.000358672236075108 0.000192987343496043 4.81577774280595e-05
GUESS_LAM 388.519470768753 389.653938375457 390.423928531977 390.200592239964 390.629792859692 391.75107301905 391.836522328171 392.485552044327
STOP 157
START 158
DY0 2450
AUTO 0
COEFFS 388.873835496889 0.0020336015120941 -1.84427002934214e-07 9.76305894580383e-14 -2.86448644771719e-15
MATCH_LAM 387.53419 388.03682 387.49202 388.07437 386.80046 387.42458 387.27142 386.45013 385.56033 389.6523 388.2599 389.28289 388.68696 388.59209
MATCH_PIX -623.175740737431 -397.100459996438 -641.904445223469 -380.046259952721 -938.777709220517 -671.714363865934 -737.910966784754 -1083.22188240485 -1436.19923461322 397.146663617414 -294.069071481486 204.94192396928 -91.0671652213128 -136.946496403398
MATCH_LRES -0.000276877141914156 -0.000311991692967695 6.60480206420289e-05 0.000100012309530939 0.000566061080519376 0.000570093713974984 -0.000487282011647494 -0.000394886833987584 3.9626050863717e-05 -1.95712142954108e-05 5.63391395189683e-05 3.46634885772801e-05 -0.00015140595360208 0.000209170783023183
GUESS_LAM 387.533978700211 388.038063059658 387.491833816458 388.074437919522 386.801142120765 387.424330893517 387.273026930381 386.45054603094 385.546449348346 389.679167802748 388.259522695826 389.281920347527 388.686427870892 388.591383460024
STOP 158
START 159
DY0 2450
AUTO 0
COEFFS 386.426730515992 0.00202277041000424 -1.8389538201769e-07 -1.30475941029444e-12 -3.26691775169676e-15
MATCH_LAM 387.49202 387.42458 386.45013 386.80046 385.56033 385.32276 383.89642 385.12251 384.73399 384.18896 383.18605
MATCH_PIX 554.886869787932 517.924637606368 11.653736432939 187.930192424767 -412.871728921594 -521.024260173654 -1132.67198732644 -610.904606831289 -780.957006225581 -1012.07553111662 -1415.31791742881
MATCH_LRES 3.46555742112287e-05 -4.76140396585834e-05 -0.000148372335615932 9.73590964008508e-05 9.46715870213666e-05 -8.04582118121289e-05 0.000233841164572368 0.000287365122687788 -0.000293391596869697 -0.000135614096564041 -4.24424877678575e-05
GUESS_LAM 387.498127879595 387.430113871826 386.449023199843 386.801095932027 385.597639225976 385.325971103181 383.928114632966 385.122029253146 384.734119149829 384.188971518878 383.188834503147
STOP 159
START 160
DY0 2450
AUTO 0
COEFFS 384.010081680858 0.00201175597586784 -1.80086943162721e-07 4.49210448693104e-12 -1.31564366533378e-15
MATCH_LAM 384.18896 384.73399 383.89642 383.18605 382.94709 382.41522 382.18767 381.9769 381.20772 382.25153 383.11471 383.67987 383.41732
MATCH_PIX 89.7417733584943 372.107865416549 -56.2191037447687 -395.372030279957 -505.195572396212 -742.166659605431 -840.998945846188 -930.947687203053 -1247.69042192755 -813.308698406051 -428.634265823865 -161.951629311522 -287.101834678402
MATCH_LRES -0.000213045337488893 4.7477577538757e-05 7.42894673066985e-06 -0.000178838339763843 -3.4318301516123e-05 -0.000374034090611985 0.00017486927038135 0.000345190348241431 -5.25746962694029e-05 -0.000258434276361186 0.000420930770872019 0.000338843298038682 -0.00022349447652914
GUESS_LAM 384.073622982727 384.736004926517 383.894927751449 383.182102961553 382.942402596637 382.415607157977 382.18697317179 381.97672746579 381.211073592133 382.252068589856 383.114425385632 383.680171386378 383.418057280512
STOP 160
START 161
DY0 2450
AUTO 0
COEFFS 381.623375679287 0.00200001476528534 -1.84904314732568e-07 -1.56878254819897e-12 -1.82490667746323e-15
MATCH_LAM 381.9769 382.18767 380.83535 380.12773 380.16678 382.25153 382.41522 379.57754 379.18715 379.11601 378.66758 381.66483 381.41502 380.89551
MATCH_PIX 179.786534067912 289.845589306616 -380.260537571964 -702.304865532633 -685.033210099373 323.776467213792 411.73554614552 -941.052484108859 -1104.9602387734 -1134.18717485097 -1316.71081731449 20.8160782443784 -103.245638116849 -352.730471722495
MATCH_LRES -6.36800065763055e-05 0.000183839730766522 -0.000810284420253993 7.57037371386104e-05 0.000148557057741527 5.36493470804089e-05 -0.000124785386958592 0.000154504308795822 7.15979438155046e-05 -0.000386307523456253 0.000123148892100744 -9.80079136638778e-05 0.000106619672976649 0.000565444191408915
GUESS_LAM 381.864499815811 382.188588693085 380.832147487603 380.132590208907 380.167024501657 382.251481118639 382.414213525567 379.579742485236 379.18770094428 379.116564406057 378.667046052425 381.664690271919 381.414384987206 380.894718736583
STOP 161
START 162
DY0 2450
AUTO 0
COEFFS 379.266280170268 0.0019867414794386 -1.84035255631769e-07 1.90719520919327e-11 2.00264624364189e-14
MATCH_LAM 379.18715 379.11601 380.12773 380.16678 378.40871 378.66758 377.4124 378.56497 377.33086 379.91819 379.38074 379.57754 379.4893 379.52282 378.0636 377.37216
MATCH_PIX -39.792398464555 -75.1549077920833 451.252947903576 472.418092644712 -415.219308866952 -293.20461947616 -863.526037743651 -341.995732449636 -898.885055935896 337.975254244381 57.8211828227735 158.92743145024 113.814936085313 130.723434863547 -574.075375407981 -881.003133941818
MATCH_LRES 0.000219597674799843 9.01384660778604e-05 -0.000181046960733511 -8.33417146850479e-06 -0.000137737823649786 -2.43450606376427e-05 9.89735748362364e-05 0.000160821449128434 -9.10269546920972e-05 0.000464624098242439 0.000195459804558595 7.11244252897814e-05 -0.000748540602273806 -7.73854011981712e-05 -5.64934901490233e-05 2.41712983779507e-05
GUESS_LAM 379.074628256483 379.115850715341 380.13068683205 380.169403973291 378.407218926348 378.668043660355 377.410609969606 378.564642031669 377.330182722857 379.918544017459 379.380868168562 379.578044365533 379.490357991841 379.523025611671 378.065049142558 377.371829132924
STOP 162
START 163
DY0 2450
AUTO 0
COEFFS 376.938511999636 0.00197576619796358 -1.90077439658236e-07 -6.33082810300303e-12 -2.75512846353174e-15
MATCH_LAM 377.24423 377.4124 376.95066 376.75175 375.8762 375.73616 375.62794 375.56601 375.43088 374.70355 374.39874 374.22467 373.85752 375.36355 377.73439 375.95352
MATCH_PIX 156.843320132683 245.757861383211 6.06540811756741 -93.3748390153361 -512.741318238662 -576.980451337272 -626.043326945292 -654.115804529359 -714.878277998589 -1030.94789945315 -1158.75612676707 -1230.39849898825 -1379.75530545464 -744.80823928396 420.145471112924 -476.906915581551
MATCH_LRES 0.000534235836425978 -8.79631703014638e-05 0.000171166237009857 -0.000622834904163483 5.40440290706101e-05 -6.20989510480285e-06 -0.000289810113372369 -6.16040964587228e-05 0.000346259794127945 0.000149865939249594 -3.66666643003555e-06 -0.000585698226927889 0.000293036182426931 0.000280487084808101 -0.000122952669300957 -4.83550698504587e-05
GUESS_LAM 377.134861230867 377.414131293856 376.949612557867 376.750829272742 375.872334961714 375.737918387016 375.62988850388 375.566993289633 375.432032945208 374.705137317934 374.39983921356 374.22556060292 373.856546306358 375.363232184177 377.736681649243 375.953366140318
STOP 163
START 164
DY0 2450
AUTO 0
COEFFS 374.63862858752 0.00196829613122707 -1.80248000310997e-07 -1.0473532900266e-12 -2.98482344225718e-15
MATCH_LAM 375.36355 374.86043 374.70355 375.43088 375.56601 374.39874 373.85752 373.47341 372.89629 372.04927 372.2884 372.86721 374.19186 374.93492
MATCH_PIX 381.631041880966 113.801950240339 32.9536584662141 418.753568741196 493.574497695095 -120.709825559255 -383.365003581122 -562.920283917661 -822.762505671109 -1184.87834261688 -1084.81280442044 -835.690102567909 -222.271199251844 152.873733670766
MATCH_LRES 0.000131760549606952 0.000141889275028007 0.000254634175405499 -0.000203621085745453 9.49779066559131e-05 0.000329255440192355 -3.64542267448087e-05 4.96887020062786e-06 -9.71365095097099e-05 3.05855769511254e-05 -7.98934360091152e-05 0.000192765734084333 -0.000372201961283736 -0.000391529956914383
GUESS_LAM 375.256548264308 374.859486247287 374.70225274582 375.441294840538 375.591182627758 374.398849788515 373.858032319315 373.473180353293 372.896472901546 372.051244955277 372.288249890485 372.866849961353 374.192595942944 374.935432061336
STOP 164
START 165
DY0 2450
AUTO 0
COEFFS 372.367072954218 0.00195863231153005 -1.78966225682157e-07 2.00264663107639e-12
MATCH_LAM 372.04927 372.2884 372.22736 371.236 370.78219 370.20314 369.91586 370.48282 372.89629 371.66176
MATCH_PIX -160.011366970045 -40.0937863564355 -70.8962191093367 -549.864481263449 -756.412866140986 -1010.5661459705 -1132.70501200648 -889.052885561254 277.231868832249 -348.638162667182
MATCH_LRES 0.000190870307903879 0.000143850606377782 4.69181914013461e-05 0.000352937799902975 -8.41577115693326e-05 0.000229525344252579 -0.000132541966536337 -6.03492875939082e-05 -6.60230753055657e-05 -0.000621030156196412
GUESS_LAM 371.942492517271 372.288539769571 372.227574221015 371.238004447405 370.787304948353 370.203929586597 369.916449740906 370.482836371377 372.895212426822 371.662627709762
STOP 165
START 166
DY0 2450
AUTO 0
COEFFS 370.122860508855 0.00194894002870626 -1.78775768179038e-07 -7.15280745231827e-12 -8.73612256558771e-15
MATCH_LAM 370.48282 369.91586 368.87198 369.16744 369.36174 369.24625 368.07582 369.63407 370.78219 370.09337 367.35676 369.26649 367.66142 367.6836 368.05921
MATCH_PIX 188.012818463394 -105.205929842091 -608.009079341444 -470.092948005101 -377.725551238123 -432.859147402995 -964.145656660818 -245.228366762178 349.718403588311 -15.1122293659336 -1267.67664285905 -423.072651691982 -1141.4258919034 -1132.07808970956 -971.812884925905
MATCH_LRES -8.82503265984269e-05 1.10218561530928e-05 -0.000232167983710951 -4.67910717247833e-05 0.000343409653282833 0.000229272979822781 -0.000654317705141239 -0.000177989656322097 5.07136069245462e-05 3.12436480953693e-06 -0.000192087755067405 -8.98934028441545e-05 0.000240568985191203 0.000182240819754043 0.000421146302471698
GUESS_LAM 370.377857607998 369.916157647556 368.872417659226 369.167768061743 369.3617461202 369.246175050738 368.074604281372 369.634464458528 370.782890945157 370.093249236841 367.358948518726 369.266834234309 367.660251919605 367.682829860069 368.058118335328
STOP 166
START 167
DY0 2450
AUTO 0
COEFFS 367.905596028335 0.0019359360112616 -1.8324284608249e-07 1.15931288132249e-11 1.06852129912203e-14
MATCH_LAM 368.07582 368.87198 367.66142 367.33461 365.9851 365.77356 366.91845 367.48397 367.6836 368.05921
MATCH_PIX 88.6835628359549 523.887270823052 -124.470568961596 -287.052207370663 -912.405500231894 -1005.25703553105 -487.182413977491 -213.22675595855 -113.71667685913 79.9156582199934
MATCH_LRES -2.93144684064828e-05 -7.62429436917955e-06 -0.000350212759826718 2.93605691581433e-05 -0.000190119365527153 0.000117052840835186 0.000238628283341313 -0.000411116073564699 0.000537044324687486 6.63010152379684e-05
GUESS_LAM 367.972653336673 368.87030150642 367.661822715706 367.335053789334 365.987001644626 365.771841171784 366.91872187378 367.484167553251 367.682783152484 368.059093480524
STOP 167
