START 65
DY0 2450
AUTO 0
COEFFS 944.834714975876 0.00478368576729269 -4.84691175509737e-07 2.30297088727961e-12
MATCH_LAM 938.58466 939.15067 939.31616 941.19303 941.66713 931.04496 931.29986
MATCH_PIX -1167.85938461699 -1071.2469961207 -1042.79869545515 -709.757418507723 -622.974653382169 -2327.92458084476 -2291.22306465198
MATCH_LRES 0.00135373417742812 -0.000487739968320966 -0.000454901056741619 -0.00143921008532288 0.00119420145369986 0.0020123310314375 -0.00217834107036197
GUESS_LAM 938.630245377373 939.132017123486 939.292007922061 941.12497335084 941.665295328449 931.140625300389 931.303849609779
STOP 65
START 66
DY0 2450
AUTO 0
COEFFS 930.545175086117 0.00479603897239193 -3.96404155134161e-07 3.17192724514099e-11 8.72371745103944e-15 2.04401197141707e-18
MATCH_LAM 929.21114 931.04496 931.29986 927.88186 923.63913 923.58077 923.50295 923.00441 919.9684 918.12986 921.11082 929.75245 916.84106 920.22088 921.84488 925.0578 926.28665 927.26938 932.02862
MATCH_PIX -271.775236197239 105.034894388512 159.796615077067 -530.788525720863 -1291.64260484377 -1301.08295598026 -1314.6382660738 -1397.54554580009 -1881.53399813537 -2157.72193293342 -1703.18093026701 -163.691909096789 -2342.97583806729 -1842.19969623757 -1586.88268339691 -1047.76085908782 -827.948707576711 -646.815383557852 317.310717342389
MATCH_LRES -0.000719181225576904 0.000368884449130746 -0.00171904460341921 -0.001814080401914 0.00147938478096421 -0.000837342221416293 0.00196325619026538 0.000347306555227078 0.000620964035078941 0.00391857009321939 -0.00333421507775711 0.00310245672653764 -0.00163894179536328 -0.00255704904782306 0.000681456620327481 0.00145250389846296 -0.00121772062016134 -0.000511671848357764 0.000414326690133748
GUESS_LAM 929.009548289621 931.214595421582 931.134529957802 927.353534249558 923.666448583099 923.583752471442 923.502068924573 923.00862958747 919.968224863797 918.127828864544 921.115114040412 929.748026180278 916.851463395083 920.222644385392 921.844060673301 925.058586260878 926.289817960361 927.27087459334 932.02535105841
STOP 66
START 67
DY0 2450
AUTO 0
COEFFS 916.649315450827 0.00470836427560813 -4.0210884585417e-07 2.30475625436766e-11 3.8707827412215e-15 9.66145247160957e-19
MATCH_LAM 914.30646 913.7199 906.6448 904.26044 905.07338 909.33139 906.86 920.22088 921.11082 922.7512 923.00441
MATCH_PIX -477.5033808396 -591.458612994279 -1818.03383174462 -2182.17591283044 -2060.44324865591 -1380.58461973956 -1784.07341626454 811.558096541175 1032.28546744792 1456.74769688784 1525.0611439851
MATCH_LRES -0.000578903786845331 0.000419109693211794 -8.48496396201881e-05 -6.91594846102817e-05 0.000226899212748322 0.000226152883215036 -0.000243783258838448 0.000954492083224068 -0.00125955739429173 0.00128788014433212 -0.000878280410120169
GUESS_LAM 914.275521869741 913.720928006312 906.64601334746 904.276047627838 905.074296932364 909.332625457828 906.861003369881 920.232388789219 921.108795355576 922.732220802417 923.00825509974
STOP 67
START 68
DY0 2450
AUTO 0
COEFFS 903.169503962734 0.0046486801612826 -3.99544023823275e-07 1.24139665939861e-11 1.05876830794251e-15 1.04678795795195e-18
MATCH_LAM 904.26044 904.03747 906.50506 906.86 906.6448 901.90654 901.50003 896.04453 895.15795 893.05436 890.7033 897.23292 897.01022 909.33139 891.33031
MATCH_PIX 239.328227321414 189.972351036977 766.538695623542 855.15991941972 801.040169619169 -265.242620033814 -348.847756672253 -1365.11425290567 -1515.97669770172 -1859.82430376622 -2222.02715052188 -1157.82247620928 -1197.07232654355 1509.11834832186 -2126.27541875506
MATCH_LRES 0.00108626848088988 -0.000822068709339874 0.000693641793077404 -0.00149134743321611 0.000728095608906187 -0.00159868951652697 0.00134683352882803 -0.00156330218794665 2.70355303655379e-06 0.00307039893903038 0.00308662390705194 0.000915661272529178 -0.000244410859181698 6.33234534461735e-05 -0.00527373354418614
GUESS_LAM 904.253787693203 904.035320583834 906.564054593936 906.933133328301 906.644111736088 901.890947322445 901.49717282823 896.09354952861 895.16653724205 893.058428838248 890.714225175406 897.233370064022 897.011849489217 909.336963782826 891.338928850738
STOP 68
START 69
DY0 2450
AUTO 0
COEFFS 890.075453322282 0.00459054224855579 -3.81042795612123e-07 4.61988386548603e-12 -7.63641815040718e-15 -6.70519055886334e-19
MATCH_LAM 887.12685 887.76693 884.36109 895.15795 893.05436 889.59816 889.54282 885.52224 880.70071 877.79832 877.52144 885.1745 889.16345 890.7033 891.33031 896.04453
MATCH_PIX -611.024442343744 -483.33592501498 -1133.66466074323 1236.07023170277 688.420091873413 -103.045472313346 -115.103261955878 -919.860865504917 -1764.8196806266 -2221.13855646494 -2263.08462756191 -984.643691165853 -195.920740741648 138.517166219905 280.237540828881 1490.93512782674
MATCH_LRES 0.000654110134519215 0.000188169005809868 -0.00242447671098489 0.00148396977272114 -0.000418629183513985 -0.000206766782866907 0.000809781650445984 0.000485514516412877 0.00152062633367223 -0.000806423665153488 0.000352134100012336 -0.000507274586198037 0.0020512203961971 -0.000720588741614847 -0.00171454695180273 -0.000746819749565475
GUESS_LAM 887.101294470738 887.765240604951 884.400848592067 895.152291663055 893.058201994726 889.605938896227 889.547631037168 885.519737482482 880.743032576555 877.809576500847 877.520453974226 885.174198874656 889.161981952489 890.704974490074 891.332204882857 896.054324180559
STOP 69
START 70
DY0 2450
AUTO 0
COEFFS 877.356860312363 0.00451355457333883 -3.82984073881136e-07 1.42005776609116e-11 -3.12127423810401e-15 -1.94463507772016e-18
MATCH_LAM 876.28554 875.04334 873.48222 872.20238 876.91525 877.79832 878.69681 879.8172 881.85937 883.21184 881.26733 877.52144 875.15724 864.8396 870.7359 866.8116
MATCH_PIX -232.718178707215 -491.40010204491 -801.880783034081 -1045.82342696793 -97.0186989482456 98.4782180852854 304.817752750603 571.937093161701 1097.1431172554 1478.90987842393 940.055481294776 36.3770681047173 -468.126225696889 -2296.18562734689 -1313.20318895404 -1981.09317641192
MATCH_LRES -5.7521541521055e-06 -0.00126708896243599 -0.00107608741279819 0.00233289087373123 -9.3005627149978e-05 0.000673789517122714 -0.000647467433509519 0.00194534795082291 0.000360977660875506 0.000247611458689789 -0.00200911066167464 0.000895926948032866 -0.0012161272557023 0.000529614153606417 0.000557840642954943 -0.00122935762351517
GUESS_LAM 876.292730441485 875.048402247119 873.496151040636 872.201086746059 876.913075453435 877.803275520101 878.701523840929 879.81820601522 881.882275016302 883.230936212364 881.265839364831 877.523184277083 875.159409612578 864.824744718732 870.745076087633 866.826839982832
STOP 70
START 71
DY0 2450
AUTO 0
COEFFS 864.99591813141 0.00444344794684685 -3.89200861581365e-07 9.49950875427795e-12 1.95884560354209e-15 1.46778932663877e-18
MATCH_LAM 864.76833 864.18147 863.15118 861.85887 859.41989 859.54694 857.96331 857.54757 857.05626 854.21391 855.72943 860.21177 869.1335 871.1626
MATCH_PIX -51.1777238054711 -180.280890364514 -400.821889888696 -666.596145911661 -1138.27769962978 -1114.77404950426 -1403.96307181168 -1477.85122926151 -1563.93771828945 -2039.85509040909 -1790.73794309717 -988.992653818822 1019.03140529787 1595.9336376374
MATCH_LRES 0.000838059875150066 -0.000676013206202697 -0.000602273535946551 0.000498905791687321 -0.000345558057233575 0.00079246350617268 -0.000328230614172753 0.000103556212366129 -8.33671215332288e-05 4.44001818777906e-06 6.53439878988138e-05 -0.00022686441627684 -5.26469638089111e-05 1.21852298207159e-05
GUESS_LAM 864.754482020327 864.176767011878 863.140587861148 861.864789986423 859.432364168983 859.545973454984 857.967135876986 857.549317127007 857.058929268046 854.238987267751 855.726115110593 860.212573873459 869.134147821628 871.15689740279
STOP 71
START 72
DY0 2450
AUTO 0
COEFFS 852.980047951566 0.00438978986198235 -3.73585877287633e-07 9.13316866321856e-12 -2.67112983936188e-15
MATCH_LAM 854.21391 855.72943 851.88941 851.29622 847.41538 846.65624 844.88325 844.78077 842.35395 842.03114 857.05626 857.54757 857.96331
MATCH_PIX 288.069048579003 663.244970654542 -243.361837898202 -371.730454937297 -1150.74655656019 -1292.13902835339 -1610.89833936716 -1628.79505043401 -2038.79477256141 -2091.25634103159 1014.79755749296 1151.03948213359 1269.73071666305
MATCH_LRES 0.000101091766737227 6.63571693166887e-05 -6.39985734096626e-05 0.00013419472327314 0.000178067510091751 -0.000691553119281707 0.000326636897284516 0.000169327991670798 0.000213186935411613 -0.000290353301693358 -0.000523848790976444 0.000422126479747931 -4.12357280765718e-05
GUESS_LAM 854.224395181121 855.7619802634 851.860894200449 851.264354742079 847.436912114288 846.661795420749 844.900244931869 844.787683089267 842.391242596266 842.050150358938 857.051031158335 857.545456159473 857.963431302584
STOP 72
START 73
DY0 2450
AUTO 0
COEFFS 841.292528793879 0.00433096837209965 -3.68489045556054e-07 8.62577492714051e-12 -2.4700674806427e-15
MATCH_LAM 844.88325 844.78077 833.27389 841.90397 842.03114 842.35395 839.08415 836.83732 836.10232 836.96932 832.31423 831.39151 846.65624 846.79966 847.1826 847.41538 829.48064 829.78298 831.1631 833.79976 838.15288 840.42979
MATCH_PIX 896.442743792344 868.812342735136 -1616.66227808517 142.783867319753 172.940085657205 250.257426929626 -489.280993905388 -949.601805032186 -1093.27640486471 -923.861102234044 -1784.66263113204 -1942.56217769722 1402.52742193321 1445.36015842538 1563.82792829143 1637.55210987121 -2255.87629208994 -2208.68214912212 -1980.29686665688 -1522.85295890087 -684.80808308097 -195.135587906329
MATCH_LRES -0.000241413783669486 -0.000658668392020445 -0.000524490194948157 0.000537181959543886 0.000591629979680874 0.000516718470748856 4.83927721006694e-05 -0.000836033583482276 -2.50377280508474e-05 0.0011180890179503 -0.00124837563566871 0.00107047986307407 1.80717331659253e-05 0.00185474610077563 0.000127342210248571 -0.00131926789333647 -0.00353347961345207 0.00549590881996664 -0.00279468518965587 0.000962517861921697 0.00235414556118485 -0.00351377224922089
GUESS_LAM 844.94842006703 844.778399309842 833.269740307304 841.881739604547 842.021700861323 842.354939197575 839.073895889268 836.82503212958 836.092404753742 836.960380663034 832.335754658146 831.411640919021 846.657703497401 846.798044394944 847.184665899086 847.418151757124 829.485499188438 829.775010083035 831.16615922793 833.798277180867 838.15072713074 840.434057099253
STOP 73
START 74
DY0 2450
AUTO 0
COEFFS 829.923556144494 0.00427348363075999 -3.67041569053791e-07 4.14318455321872e-12 -3.43474608099358e-15 3.30650477325216e-19
MATCH_LAM 833.27389 832.31423 831.39151 829.78298 829.06924 827.79013 826.32851 825.4662 826.17813 821.94853 820.97348 820.44017 819.31367 818.9162 833.79976 823.72018
MATCH_PIX 844.416768414297 589.175128813719 354.704888718885 -32.8642782190738 -196.844416325962 -479.073320292974 -787.159281386359 -961.826876602024 -818.574520185845 -1627.86156519343 -1800.0973128761 -1893.57822640813 -2082.19915509033 -2149.27513552302 991.577732291204 -1301.02915668721
MATCH_LRES 0.0025575550960184 -0.00020320777480265 -0.00182452590445337 0.000265388800130495 0.00115412778450263 -0.00122915921406275 -0.000268222583372335 -0.000552231120309443 0.00261630312968464 2.08141252642235e-05 -0.001565558074617 0.00520837799342644 -0.00540693052528241 0.00263423364503979 -0.00143824309407137 -0.00196872613264532
GUESS_LAM 833.331819871775 832.292275337954 831.35236518919 829.736493733971 829.07052973121 827.798128315147 826.332504682159 825.470078981826 826.174637223989 821.983895173881 820.995637764391 820.454007458088 819.32934658953 818.909703080954 833.80447548349 823.722997583964
STOP 74
START 75
DY0 2450
AUTO 0
COEFFS 818.8550789804 0.00421516828970292 -3.57792490713027e-07 1.27355295962934e-11 -1.56489413896785e-15 -2.04359395081279e-19
MATCH_LAM 820.44017 818.9162 817.20326 816.53653 816.86929 816.19711 814.53769 813.16403 808.74423 807.78725 812.49568 814.21412 814.01738 821.94853 823.72018 819.31367 809.44625
MATCH_PIX 388.417278471237 14.569576305775 -379.26927221809 -525.923338720315 -453.149444748722 -599.165288964282 -945.408704211191 -1218.12027413916 -2022.26367673569 -2183.65992017535 -1346.99418511683 -1010.952209021 -1050.21024251366 785.377105080077 1290.07891728576 109.179639651411 -1900.35159034696
MATCH_LRES 0.00111738222449276 -0.000216286229147045 -0.000942868903962335 -0.000765746982324345 -0.00096997535445098 -0.00101397940829884 -0.000680731086049491 0.000347975676731949 0.00112816077046318 0.000795961932567479 0.00295531989274878 0.000624720464202255 0.000132543292352238 -0.00186616366761427 0.000397239974972763 0.00262907142825952 -0.0036726237357243
GUESS_LAM 820.398408174399 818.854092670751 817.18003556797 816.53184280513 816.868948103953 816.195097822187 814.53482222765 813.166986954223 808.782719891229 807.788326507411 812.493102189055 814.21392435283 814.017856052239 821.962781720167 823.715165882914 819.310357261061 809.453579349169
STOP 75
START 76
DY0 2450
AUTO 0
COEFFS 808.077558953134 0.0041601096867801 -3.47424131519371e-07 1.15683986652616e-11 -5.87204444714191e-15 -1.37647992691595e-18
MATCH_LAM 802.79343 806.48476 809.44625 812.49568 813.16403 808.74423 807.78725 805.67505 805.55227 799.01701 797.47888 799.43569
MATCH_PIX -1152.90936790827 -371.025636119201 338.727772202706 1176.44513567227 1381.61178002779 162.198732387625 -69.3466406186989 -551.510911454097 -578.690503140472 -1861.05484031654 -2128.13924405937 -1786.7532416086
MATCH_LRES -0.000804628836931442 -0.000772737082797903 -0.000957568373792128 0.000337225352723181 -0.000188286896445788 0.00100156626706394 -0.000144582715847719 -7.5432660878505e-05 0.00128442291327246 -0.000765918875458738 -5.12338959879344e-05 0.00113717448755324
GUESS_LAM 802.639099860267 806.552281639585 809.387039882853 811.994063875839 813.164034438466 808.745090772549 807.786280409645 805.666784098649 805.54370941127 799.027434077165 797.488134491018 799.433275173408
STOP 76
START 77
DY0 2450
AUTO 0
COEFFS 797.584089767588 0.00410771653838827 -3.60784348111766e-07 6.91411653728891e-12 1.71718465282246e-15 1.25372149442976e-18
MATCH_LAM 797.47888 799.01701 797.63524 795.67802 794.39104 793.99169 790.24933 790.1796 788.84525 799.43569 799.58794 802.79343 786.8195 802.64598 791.86192 796.41731
MATCH_PIX -25.2937656165842 360.508088233065 12.4277957333321 -446.666377881077 -730.042495283752 -815.367284705601 -1564.08410973418 -1577.18017917989 -1823.59867165632 469.506726460619 510.418430703602 1441.80518814086 -2180.08933769794 1395.89012542898 -1251.80185721983 -277.139343739122
MATCH_LRES -0.00107921639619235 -0.00141566828790474 0.000156080210217624 0.00125958166790952 0.000504623889241884 0.000196753415821149 0.000576745725425098 0.000304893574480047 3.03735271245387e-06 0.00170211873432891 0.000110646930352232 0.000857164783951703 -7.6672191084981e-05 -0.00100886108180021 -0.00157090027323648 -0.000520327603908299
GUESS_LAM 797.479130325452 799.038532874883 797.635739948938 795.613945905729 794.391218029005 793.992122597325 790.26056805032 790.180626301451 788.857324564119 799.433075388275 799.588947919642 802.783182841468 786.829015859991 802.64897909465 791.864415294802 796.418526846946
STOP 77
START 78
DY0 2450
AUTO 0
COEFFS 787.355922059367 0.00405909970479064 -3.45752085977076e-07 7.12971119815957e-12 -4.20110674049343e-15 -5.532559237604e-19
MATCH_LAM 788.84525 785.0614 784.96985 784.44232 784.39486 783.77768 782.454 781.99209 778.4458 778.06327 777.88126 776.48682 776.38492 783.66133 783.86158 786.98528 790.1796 790.24933 791.86192 786.81339 786.61854
MATCH_PIX 379.04380480062 -539.982439372957 -560.679499172098 -677.984064104999 -688.240013974478 -822.591611258197 -1100.93070141978 -1194.85681414555 -1874.65687979535 -1943.77000984426 -1976.04902543082 -2220.88282148702 -2237.91620022351 -847.297757652583 -804.624806895957 -90.5828511577816 742.173991942285 761.907894111017 1240.71611976258 -132.29811493169 -178.80761461229
MATCH_LRES 0.000129774499896484 -0.000410408223046943 0.000114241326286901 0.000362411189712475 -0.000471883088380309 0.000378509651795866 0.000724328428304943 -0.000786805611141972 0.000435275794416157 0.000619830643017849 -0.00120075649033424 0.00145413157838448 -0.00122786187557722 -0.000845343403966581 0.000845852528414071 -0.000114672993163367 5.21964805102471e-05 -0.00013746859906405 1.48002054629615e-05 0.000548580507825136 -0.000484728681158231
GUESS_LAM 788.86559611628 785.027302440603 784.934852786831 784.438405040483 784.393953520421 783.774131301412 782.451553928401 781.994273095881 778.465656059958 778.067698543991 777.886166432729 776.499981709101 776.388128011216 783.661025531118 783.859945876313 786.99058502187 790.180449373059 790.249737910437 791.882145969829 786.813908293078 786.619284076473
STOP 78
START 79
DY0 2450
AUTO 0
COEFFS 777.388824607621 0.0040094564880303 -3.46431614798041e-07 6.56348667068873e-12 -3.74262036366566e-17 1.14513220278683e-18
MATCH_LAM 778.4458 781.99209 778.06327 774.46936 773.38663 773.1078 771.60608 771.23912 770.32276 780.66775 767.83324 768.74228 766.2999 782.454 781.56259 781.61229
MATCH_PIX 269.876444333806 1287.14046051129 170.821639683768 -686.950569381276 -923.12447778037 -982.458005603047 -1293.07900104218 -1366.77503656859 -1546.96696777023 884.103719953005 -2011.07385557596 -1845.65671200576 -2279.47156583526 1434.48501825833 1152.3318914573 1167.9985490146
MATCH_LRES 1.88350647931657e-05 -0.00146360357541653 -0.000380504262807335 0.000626481760832576 0.0002055434928252 -0.000210842359592789 -0.000513146991579561 -0.000169071123877984 0.000137937282715939 -0.000196787475260862 0.000509917889871758 -0.000137919585540658 -0.000204395586024475 0.00036754452742116 0.00125272672812571 0.000157282590407704
GUESS_LAM 778.460895759392 782.037973529256 778.059249838664 774.438995118782 773.3825141734 773.107553818478 771.604537063933 771.238757184579 770.323590912708 780.667005973018 767.846950242169 768.741043201202 766.294466815842 782.451693044261 781.560428637248 781.612073238735
STOP 79
START 80
DY0 2450
AUTO 0
COEFFS 767.670588643703 0.00396134516642737 -3.40815291962617e-07 8.52813125103238e-12 -1.34394200186966e-15
MATCH_LAM 770.32276 768.74228 767.83324 766.2999 765.59352 765.44265 764.94845 762.92745 762.78045 760.99174 760.02972 758.24329 758.27775 757.3117 770.58052 771.23912 771.60608 773.1078
MATCH_PIX 712.228377662006 277.033891931334 41.2639092655967 -336.20303416006 -502.292601639792 -537.10362541517 -650.207588246566 -1091.72868534077 -1122.48802718911 -1486.97542025244 -1674.6048765891 -2009.65550374501 -2003.1092797291 -2177.19856915723 787.089741471909 982.134538114793 1094.22911139782 1581.27548841456
MATCH_LRES 0.000938720777867275 0.000247896924406632 -0.000229516837634947 -7.92612581790308e-06 -0.000161011028353641 -0.000534068857632519 0.000228984064165161 0.000789502303291556 3.91231977800999e-05 -0.000240820712178902 -0.000814043447121549 0.00123567087587162 -0.00014731418127667 -0.000512290878759813 -0.000506824162471275 -0.000124849553230888 -0.0003034976869003 0.000102265208056451
GUESS_LAM 770.354040827547 768.725867155769 767.808138746016 766.261892776029 765.595021337442 765.443720240797 764.949365998821 762.937489205486 762.783446840038 760.994674915903 760.031215771922 758.205548541747 758.265787019214 757.305670827307 770.582282254716 771.23932580471 771.606148738577 773.105866636661
STOP 80
START 81
DY0 2450
AUTO 0
COEFFS 758.191609357824 0.00391471849370329 -3.35461493587014e-07 8.30009617919067e-12 -2.17546693299742e-15
MATCH_LAM 760.02972 760.99174 762.78045 762.92745 757.54288 756.86129 756.79346 753.32174 753.05622 752.52063 751.34182 748.34147 750.10675 748.56865 749.00359
MATCH_PIX 489.822408058014 764.706740176796 1317.90124531845 1366.17018513245 -163.401639911371 -330.744508679411 -346.466114396888 -1130.21740319647 -1186.65334490256 -1298.03725569423 -1536.78604266958 -2105.66059429628 -1777.17747350385 -2064.19588952851 -1984.30126450825
MATCH_LRES 0.000229527127999063 -0.000278739032978592 -0.000157169244403121 0.000195629737618219 -6.33192363466151e-05 0.00147540411080627 -0.00118712510516161 -0.00133789841856924 0.000586237686889035 1.9156680764354e-05 0.000817400322603135 0.000557657084414132 8.72041817956415e-05 -0.000345632424796349 -0.000598333515540617
GUESS_LAM 760.05203740448 761.000560458298 762.802026409289 762.949560006928 757.549084419514 756.868631401141 756.800265464067 753.307246106415 753.048854272218 752.526453939814 751.356017294454 748.404671496226 750.105116868931 748.56956959155 749.004360837852
STOP 81
START 82
DY0 2450
AUTO 0
COEFFS 748.946536837198 0.0038721617803709 -3.35427933912212e-07 4.87552601789897e-12 -1.17112675321923e-15 7.84749395119155e-19
MATCH_LAM 748.34147 748.56865 750.10675 751.34182 745.72612 744.99 743.22997 743.09866 742.05932 741.98339 741.17363 753.05622 753.32174 739.54742 741.37778 738.0426
MATCH_PIX -154.11871546202 -96.7357651881477 307.425970070219 655.816007832791 -778.30317849342 -943.282337805244 -1320.73169177936 -1348.00108414159 -1559.43581318506 -1574.80832915366 -1734.32623204657 1179.76962826867 1266.55550053748 -2042.77085736744 -1694.27664539573 -2314.27469435169
MATCH_LRES -0.000308382341472679 -0.000166911451060514 0.00137825635260924 -0.00113053197583213 -0.000561112543209674 6.79266295264824e-05 0.000566862161690551 0.000612063097491955 -0.000469518257091295 0.000479848703548669 -4.24170314090588e-05 0.000761069790996771 -0.000473527630560966 0.00040190968047682 -0.00105441173843701 -6.11231376979049e-05
GUESS_LAM 748.342137370619 748.570094932205 750.118330655989 751.365744577444 745.719858976141 744.990504900145 743.238329309554 743.102218932532 742.06948253446 741.991355983798 741.172849744175 753.057443271178 753.323661516439 739.543117626232 741.379117166819 738.043428808382
STOP 82
START 83
DY0 2450
AUTO 0
COEFFS 739.922557994838 0.00382448047919495 -3.29812917897585e-07 8.4829626349146e-12 -1.83429887897118e-15
MATCH_LAM 742.05932 741.98339 743.22997 743.09866 734.31739 733.75981 739.54742 733.0304 733.15109 732.68254 731.70815 729.82763 744.99 738.0426 741.17363
MATCH_PIX 588.097444924976 566.118512846072 939.555681753224 898.866645261157 -1310.86356025747 -1427.18136625558 -97.2790392036373 -1576.20621100597 -1551.95081871293 -1645.92301731081 -1837.65569800622 -2191.06799873233 1518.64107789112 -472.114890927748 336.788153240566
MATCH_LRES 0.000157435871074085 7.39003945682271e-05 -0.000359503641220726 -8.31907774454521e-05 -0.000533014528514286 -0.000472799928729728 3.28544629155658e-05 -5.13307304572663e-05 0.000658867286233544 -0.000447000886651949 0.00100270734947117 -0.000365449842774979 0.000112442016643399 0.000132804743543602 0.00014127806457509
GUESS_LAM 742.079116974809 741.983052806672 743.235244905881 743.103310149091 734.40826278179 733.764970007034 739.54342341871 733.039393995651 733.154206209234 732.690137461727 731.723561955892 729.833569851327 744.979797528841 738.042175664587 741.173309353294
STOP 83
START 84
DY0 2450
AUTO 0
COEFFS 731.115014621697 0.00378087664180324 -3.37815972268383e-07 9.7956481269922e-12 8.62216506227817e-15 3.47857819575134e-18
MATCH_LAM 735.53183 733.15109 733.0304 733.75981 724.40877 722.1141 721.46774 720.99929 732.68254 731.70815 734.31739 724.81245 725.73534 720.84691 721.91515 723.2855 725.56749 726.71739 729.82763
MATCH_PIX 1304.26922638642 566.014997193679 531.022640112694 747.202544576404 -1553.19292798942 -2006.73776154048 -2128.10294331864 -2214.9193896069 430.991492084766 159.433934984308 918.677248286049 -1470.15258143178 -1275.71361225499 -2242.87814354387 -2044.7102260062 -1779.72067653138 -1311.18214125911 -1060.34574035438 -330.850275972804
MATCH_LRES 0.000385425832519104 0.00140624497407771 0.000614051473348809 0.000737018565473591 -0.00089523601457131 -0.000763971293508803 -0.00187298552611992 0.000253973182338996 -0.000383187189072487 -0.00112328556497232 -0.00193668239023737 0.000776858481572162 0.00267247771625989 0.00109300969654669 0.000641297211132041 0.000217375972397349 0.000744026241932261 -0.00332908510586094 0.000762672720725277
GUESS_LAM 735.574003608763 733.156227954157 733.034374443292 733.756227029359 724.43956980576 722.101073161258 721.463374242607 720.995867016615 732.680087667582 731.704664210751 734.321049687289 724.810739429997 725.732998823743 720.845725875853 721.913345254856 723.284818661533 725.568032804463 726.72254930828 729.82614430821
STOP 84
START 85
DY0 2450
AUTO 0
COEFFS 722.511828046226 0.00374067397717793 -3.24846778281416e-07 7.33472138614268e-12 -1.44362011741298e-15 2.02197508112716e-19
MATCH_LAM 724.81245 724.40877 723.2855 721.91515 720.99929 720.84691 719.31148 717.8164 717.53497 717.08712 725.73534 715.55595 715.22554 714.42999 713.33245 712.65248
MATCH_PIX 651.570676218155 531.174657326729 210.842091349752 -157.73448346398 -390.817591374901 -428.799718843611 -798.851821079111 -1139.03226630821 -1200.93114771789 -1298.26377431435 936.535568090489 -1620.10068678779 -1687.32014668805 -1846.18612676741 -2059.74813157407 -2187.83488579022
MATCH_LRES -0.000572141905877288 0.000652246592608208 -0.000644684742155732 0.00146717175255162 -0.000526926353472845 -0.000558750803179464 -0.000405300123361485 0.000431410953069644 0.000151247356143358 9.58754256998873e-05 0.000100377507465055 0.00041601528209867 -1.65788464983052e-05 -0.00138728429135426 0.00122666700315222 -0.000429341635822311
GUESS_LAM 724.828419898287 724.4067335187 723.280318593645 721.89983179501 720.998844888795 720.846432603775 719.304008657318 717.850629253105 717.538383074857 717.087320338875 725.726975694998 715.571719003256 715.237501674859 714.432045747298 713.33967139978 712.660862006567
STOP 85
START 86
DY0 2450
AUTO 0
COEFFS 714.109497240269 0.00370263569591757 -3.19807412545707e-07 5.74661250332042e-12 -1.66797373961288e-15 5.58952178322761e-19
MATCH_LAM 715.22554 715.55595 717.08712 717.53497 719.31148 713.33245 713.26893 712.65248 711.63597 714.42999 711.18203 709.12941 708.61222 707.72844 709.07777 707.43439 706.63994 706.26007 705.55645 704.77399 706.33412 717.8164 703.82233
MATCH_PIX 309.660011879857 404.813308479381 868.488689342196 1012.26107328604 1628.87253369467 -206.196772866802 -222.704077581565 -381.113435796766 -633.174014008518 87.497345616464 -742.219701114671 -1213.61192543191 -1326.86640530974 -1515.77008433573 -1225.06550382163 -1577.56994626105 -1740.72984826919 -1817.52497981474 -1956.88307595663 -2108.25160970744 -1802.32765380546 1104.88836454922 -2286.23627609986
MATCH_LRES -6.22711866071768e-06 -0.000357889885776785 5.58052740871062e-05 0.000333262726371686 -0.000120503375114822 7.51814666273276e-05 -4.57675033658234e-05 0.000915973923724778 0.00088296740932492 -0.00103341303417892 -0.000137564966621539 -0.000133013421873329 -0.00043626605645386 -0.000646181410274949 7.10236729446478e-05 0.00032749254933151 -0.000647378587359526 0.000446885937094521 0.000808228274422618 0.00211757193051199 -0.00128179773821557 0.000131844392171843 -0.00132023316632512
GUESS_LAM 715.236131500795 715.556844129098 717.085110132967 717.538975603324 719.355697496168 713.337407552959 713.271938961887 712.654580717632 711.640123518434 714.430225795538 711.184128896808 709.134337871877 708.614223473259 707.735272122935 709.077459883957 707.436495576806 706.646102995427 706.264276951106 705.563266410353 704.783026878197 706.334033931598 717.812740639296 703.828871960723
STOP 86
START 87
DY0 2450
AUTO 0
COEFFS 705.902107950012 0.00366328342387997 -3.17079353018122e-07 5.36512729792515e-12 -2.89391135284509e-15
MATCH_LAM 709.12941 708.61222 707.72844 707.43439 706.63994 706.26007 705.55645 704.77399 703.82233 702.05031 701.72518 700.27344 699.49657 699.1583 709.07777 706.33412 702.32195 700.48142
MATCH_PIX 959.837563265064 793.954002923453 521.906992838893 434.479091316264 205.207581546013 98.6717116114098 -93.6559010861729 -300.134261308781 -542.022401018386 -968.291619516796 -1043.27547336159 -1368.00217128563 -1534.9592861372 -1606.25233569481 943.654180863171 119.040593307852 -904.85154362702 -1322.61346108282
MATCH_LRES 0.000978423056153588 -2.66264395349936e-05 0.000259082031448088 0.000180815781504862 -0.000590452466894931 -0.000418157002172848 0.000216028721752082 9.01404445130538e-05 6.20457252580309e-05 3.34333712999069e-05 -0.000476955893418562 -2.59053210811544e-05 -8.59497947658383e-06 -7.29795405050027e-05 -0.00107043110563154 0.00041737313563317 9.5171919610948e-05 0.000357588475367265
GUESS_LAM 709.130660636882 708.616254427165 707.735072214242 707.441436281791 706.647260758537 706.258633214258 705.554313189866 704.775325683121 703.82370279491 702.053420063526 701.725263625762 700.276051530683 699.499069402375 699.160081492447 709.079637837143 706.333641216397 702.321742701072 700.480954524052
STOP 87
START 88
DY0 2450
AUTO 0
COEFFS 697.880103968571 0.00362523584520998 -3.1594595255854e-07 3.23834944244445e-12 -4.99514514500958e-16 1.71101378136948e-18
MATCH_LAM 699.1583 699.49657 700.27344 700.48142 702.05031 702.32195 691.17555 691.80368 693.85662 694.55259 694.74061 695.65743 695.48844 695.1478 689.22502 688.8174
MATCH_PIX 364.07697484376 464.434486974732 702.965557844647 768.679761982628 1292.5743232305 1389.19451555875 -1613.04180902474 -1478.64896218843 -1017.76855298565 -853.596681583051 -808.340619216853 -583.001565859316 -625.157444767969 -709.893000060357 -2010.00613003523 -2089.89233093419
MATCH_LRES 5.19649062198368e-05 0.000592687731455044 -0.000248538587129588 -0.000402466051809824 0.000412869640967983 -0.00025386977654307 0.000821474982103609 -0.000236208940805227 -0.00074086419692776 0.000236843042443979 -0.000110684114247306 -0.000954015749698556 -0.000811327681049079 0.00203978407785144 -0.00128983990771303 0.000892187663453115
GUESS_LAM 699.165646079371 699.495435423381 700.269865805231 700.476569953197 702.036410625404 702.315122045389 691.144836984104 691.781033879075 693.840821015693 694.546898774361 694.736638050662 695.657006005019 695.48750351016 695.14559433653 689.236311377572 688.824205704886
STOP 88
START 89
DY0 2450
AUTO 0
COEFFS 690.039195646712 0.00358775158368588 -3.06524142808251e-07 1.03351317019601e-11 -2.2289593116912e-15 -4.6980331098294e-19
MATCH_LAM 689.41509 687.665 687.03464 685.60006 683.09201 682.65609 691.17555 694.44531 694.74061 693.7664 689.12039 688.47101 685.72071 680.76278 682.53907
MATCH_PIX -171.801945172758 -627.180759980345 -783.194196071557 -1124.52553646701 -1678.72208577157 -1770.0831313075 325.763289503308 1387.6835801937 1496.23341885121 1148.70875033219 -250.761709500864 -421.390299835971 -1096.76304478796 -2153.38116997586 -1794.79547481259
MATCH_LRES 0.00137867252124124 -0.000604838376148109 -0.000964353543281504 0.000416453149682638 -0.000197690251525273 -0.0010507708732348 -0.000205000636924524 0.000778645145487644 -0.000404208733471023 -0.000453855569276129 0.000311066275799021 -0.00107512741328719 0.00125687576303335 0.000123286903090047 0.000690845118128891
GUESS_LAM 689.426281133005 687.618163622707 687.014963314479 685.71926324784 683.10999459755 682.659849007921 691.160136468027 694.431603360837 694.745092306851 693.762085357312 689.120542351611 688.472175306794 685.71854761694 680.759557147024 682.53805726155
STOP 89
START 90
DY0 2450
AUTO 0
COEFFS 682.372003923296 0.00354255834480094 -3.0972243754266e-07 1.75451329526717e-11 -1.18797064630053e-15 -2.8477694863393e-18
MATCH_LAM 685.60006 685.72071 687.03464 683.09201 682.65609 682.53907 679.31092 678.96099 678.19968 678.01841 676.00685 675.55237 672.99756 683.47782 681.46555 680.03636
MATCH_PIX 993.742511818282 1034.89200046803 1505.29999573655 206.360770201528 80.5915705270091 47.0241019079207 -804.781558795339 -890.208006490593 -1072.19814438672 -1114.86647789329 -1568.04921254958 -1666.85212574597 -2202.88056890095 321.571144824299 -249.934363257643 -623.758554365026
MATCH_LRES 0.000224112630576201 -0.000449401400601346 9.66188262054857e-05 0.00199950266107862 0.000588259559549442 0.00116351290012062 -0.000817226790331915 -0.000422854837097475 0.00122118181150199 0.00209082038179531 -0.000878532402566634 -0.000399254642729829 0.000177201528458681 -0.00190162082435563 -0.00142358489438266 -0.00126873485862689
GUESS_LAM 685.599993006869 685.733358631465 687.259607895642 683.08957718582 682.655932998893 682.538315659566 679.300139008157 678.969306904316 678.211777442074 678.027115746945 676.039183087902 675.558009354969 672.988031295062 683.481251384804 681.468618095089 680.039283352339
STOP 90
START 91
DY0 2450
AUTO 0
COEFFS 674.875382044407 0.00351603298193408 -3.08234886590792e-07 5.02364290004084e-12 -8.15395530990834e-16 7.81905581896795e-19
MATCH_LAM 676.00685 678.19968 678.01841 671.31048 669.45742 668.05509 668.52125 667.65399 666.05159 666.88163 667.54227 678.96099 679.31092 675.89743 674.47456 674.00402 673.45081 671.92393 671.58233
MATCH_PIX 331.941592888262 1038.60617311298 975.672566547667 -935.470537258388 -1370.32252656232 -1680.62069014944 -1579.53176726314 -1766.5287337249 -2097.26219044964 -1928.14755777325 -1789.95844321776 1308.86077257443 1438.22444426728 298.217208198026 -112.673067356907 -242.954737820523 -391.812770363177 -784.763938077452 -869.10907653439
MATCH_LRES -0.00186369554444354 -0.000606155459763613 0.00133294443139675 -0.000721734346598168 -0.00148447701894838 0.000265916404714517 0.00113574789804716 0.000751714775105938 -0.000131399903466445 -0.000260974854654705 -0.000441909255187056 -0.000222041759116109 6.13100030477653e-06 0.000790194389878707 -0.000739382193160054 0.00114455535072011 0.000702559405908687 0.000601585290951334 -0.000259578199575117
GUESS_LAM 676.009257453946 678.168740613477 677.989678917761 671.290057130861 669.47369653578 668.073784583627 668.521650833277 667.665121281006 666.063621956622 666.879797807606 667.542867806776 678.953373136764 679.309342050899 675.894448405793 674.473394140093 674.001318923384 673.449418690151 671.923348327065 671.582843701866
STOP 91
START 92
DY0 2450
AUTO 0
COEFFS 667.539383040276 0.00347372170539793 -3.17587635280545e-07 2.0196676856404e-11 3.3262815929868e-14 1.49458948089801e-17
MATCH_LAM 666.88163 667.65399 668.52125 669.45742 666.05159 665.07939 665.03317 661.88865 659.8687 664.07453 664.83761 657.72146 659.52832 658.39058
MATCH_PIX -185.822295556847 33.1482418392098 289.719344939 580.597477886874 -412.277941477077 -667.216557725964 -679.072522840774 -1435.3351789819 -1869.14030020819 -919.758207025828 -728.961284423071 -2277.19682052035 -1938.09382280725 -2157.02087104613
MATCH_LRES -0.001198579279162 -0.000192616661365719 0.00136402308964989 -0.000458966985206644 -0.00104051524078841 0.000497803337339064 0.000557583645104387 -0.000893285679353539 -0.00138896842486247 0.000543838410180797 0.000704123641185106 -0.00143053657836845 0.000673612059358675 0.00226247706962113
GUESS_LAM 666.885932108324 667.654060198502 668.518559950431 669.445707401757 666.052997452282 665.080504904059 665.033419676288 661.886706675508 659.877188507396 664.075626203342 664.837380679142 657.73659785232 659.52859091221 658.387118727943
STOP 92
START 93
DY0 2450
AUTO 0
COEFFS 660.328168999679 0.00346267457436345 -2.62499919010585e-07 -8.52496274288734e-12 -1.092705609882e-14 2.18160907377975e-18
MATCH_LAM 664.07453 661.4348 662.0967 652.38444 651.3846 653.61441 654.75272 656.06876 659.8687
MATCH_PIX 1200.36876353499 326.950499646886 533.487314056885 -1957.75972942869 -2157.05162526748 -1697.11052156418 -1442.44445708473 -1130.54579681545 -130.986895160061
MATCH_LRES 0.000100884171160942 0.0029828329902557 -0.00196696494504067 0.00077097003770632 -0.000143384319471807 -0.00148104774530111 0.000778074378558813 0.000374641981466084 -0.00141600665131136
GUESS_LAM 664.020757936775 661.432398784566 662.098278439627 652.562785993436 651.395697904004 653.611081848591 654.743565919552 656.061116032113 659.861284075525
STOP 93
START 94
DY0 2450
AUTO 0
COEFFS 653.35212427236 0.00343412132288628 -3.14735310115766e-07 -2.04477363825481e-11 -8.76809299138037e-15
MATCH_LAM 656.06876 654.75272 653.61441 650.87846 649.25309 648.3083 647.30019 649.49917 650.37879
MATCH_PIX 864.88931951497 425.047129452167 76.7891469073707 -679.510277035383 -1089.19185418549 -1315.73197945816 -1549.67796633704 -1028.95154584959 -807.492840431122
MATCH_LRES 6.86577819806189e-05 -0.000349613556863915 0.00044790408821882 0.000634323530107395 0.000684096672102896 -0.000884275490420805 0.000155366605099516 0.00136625272136826 -0.00212271284601684
GUESS_LAM 656.134012081679 654.738552810174 653.588999228184 650.832002693312 649.215815537283 648.302763593837 647.301053070027 649.497970330026 650.384816564654
STOP 94
START 95
DY0 2450
AUTO 0
COEFFS 646.460986086318 0.00338050374007053 -2.97715658158712e-07 7.84389941675724e-12 -1.08310465394617e-15 3.84851245139888e-20
MATCH_LAM 641.5387 649.25309 649.49917 640.24669 638.91612 637.86936 650.87846 647.46426 644.85527 647.30019 648.3083
MATCH_PIX -1301.03596173752 895.103378196576 981.422416461447 -1600.88835667154 -1895.1940163504 -2117.6756065191 1498.16671215161 304.864606917779 -456.207341013358 253.365707081846 575.788759529028
MATCH_LRES 0.00033359640474373 -0.000215829067883533 0.000793481816117492 0.000212476166325359 -0.000524461322356728 0.000218649963812823 -7.06419268681202e-05 0.000135385126782239 -0.000750910733813726 0.00168865154569176 -0.00182039797266498
GUESS_LAM 641.615240997877 649.478265650688 649.82108904675 640.255497815234 638.937480459765 637.892750838069 650.867324097595 647.468282104536 644.859547637987 647.298188198114 648.306430735109
STOP 95
START 96
DY0 2450
AUTO 0
COEFFS 639.727397594403 0.00335220106221109 -3.00774958120489e-07 -5.09233841470352e-12 -6.01701179251882e-15
MATCH_LAM 637.86936 640.82167 636.5031 636.40101 636.14327 636.08894 635.04927 634.78755 634.14215 633.93728 632.8116 631.89303 631.75213 640.24669 641.36145 641.5387
MATCH_PIX -529.57131525734 336.296231251945 -890.412874349589 -916.357410281169 -981.486833789671 -996.825052888684 -1254.00289137208 -1316.1204758239 -1469.12245322545 -1516.33523636027 -1772.07933103291 -1972.05426835803 -2002.99648024574 157.176455059811 512.55155079439 569.002296091653
MATCH_LRES 0.00125994128325146 0.00122665252933984 -0.000802392120476725 -0.00168504550322268 -0.00347599491601613 0.0028654792118914 0.00335505858731722 -0.000508509879637131 0.000597457544245117 -0.00143781361953188 7.92517161016804e-05 -0.00198358180398372 0.00181528340442583 -0.000140752132324451 -0.00400616740171245 0.00284113383952445
GUESS_LAM 637.892740698896 640.84609600103 636.475458108714 636.397684572082 636.139642081694 636.079611440441 635.029117006974 634.780600831261 634.134913573663 633.935336423061 632.812873937095 631.904764615263 631.756069586696 640.243582026837 641.374407395349 641.537195785869
STOP 96
START 97
DY0 2450
AUTO 0
COEFFS 633.13212545092 0.00331833068962677 -2.90919437381728e-07 9.67350790658292e-12 -4.89212433737516e-16
MATCH_LAM 628.70164 630.49941 630.59859 628.09 625.91541 626.03376 631.25553 631.89303 632.8116 633.93728 634.14215 634.78755 635.04927 636.08894 636.5031
MATCH_PIX -1203.05736848964 -743.710877481559 -717.294882708234 -1351.47028148248 -1852.94993010218 -1827.5114063231 -539.28821210103 -361.833396663169 -95.8862158370752 247.877165997664 312.805873472412 522.702698414854 609.572040842449 971.2285545283 1122.39508085817
MATCH_LRES 0.000586842835787138 0.00020129490758336 6.72778589887457e-05 -0.000633638586805318 -0.00185569779921479 0.00203310766130471 -0.000891616711555798 0.000142221083137883 0.000340052976184779 0.000345646995583593 0.000205567150487695 -0.000936370210638415 0.000358683631247914 -5.00997589369945e-05 8.67281257797003e-05
GUESS_LAM 628.685608187755 630.513703733646 630.613644883192 628.072713477482 625.93497728162 626.031434706503 631.254668704024 631.886703037011 632.798004502978 633.915387651039 634.132751080379 634.775752987648 635.038334337256 636.06420299714 636.485515231614
STOP 97
START 98
DY0 2450
AUTO 0
COEFFS 626.673114703783 0.00328997914855233 -2.89468543846101e-07 6.51219498791824e-12 -8.89295263620132e-16 3.68521164377519e-19
MATCH_LAM 622.80921 623.65801 624.268 620.9467 619.08567 618.24152 619.82227 625.91541 626.03376 627.32803 627.58525 628.09 628.70164 630.2659 630.49941 630.59859 622.17324 625.22141 620.21484
MATCH_PIX -1070.32463417224 -851.112426636133 -688.684363894932 -1526.66954623791 -1949.87885739484 -2132.76126123231 -1786.26166477971 -225.745945220407 -190.986062356802 202.219156751223 284.443495841835 448.685178334885 653.95867866523 1217.85673662949 1311.73305521515 1348.30350022514 -1229.75670802498 -425.817411203078 -1695.79534188261
MATCH_LRES -0.00127557319990501 -0.00062750003075962 0.000317651306090738 0.0020254336667449 -0.000296045934305766 -0.000319412887733961 0.00240667976390796 -0.000176133795548594 -0.000409337113978836 0.0014031161880439 -0.000402258475560302 -0.00156314024366111 -0.000893154172899813 0.0046005918696892 -0.00470339645505646 0.00115098650610435 -0.00105556453797817 0.00224947128879194 -0.00243241476243838
GUESS_LAM 622.79910043289 623.664751912943 624.278065093212 620.92568065326 619.059167257396 618.24188140472 619.818468344642 625.938155297271 626.034244673918 627.286298698958 627.585124139448 628.087358619628 628.69482329995 630.245876154191 630.509333046602 630.596183532894 622.175017537184 625.218422249657 620.218230782228
STOP 98
START 99
DY0 2450
AUTO 0
COEFFS 620.344295003179 0.00326115804956142 -2.88749943977839e-07 4.85904397087316e-12 -1.36676500867537e-15 4.25371929189379e-19
MATCH_LAM 616.30579 615.87915 615.57711 612.74346 612.61755 612.22503 618.24152 619.08567 620.21484 620.9467 622.17324 622.80921 623.65801 624.268
MATCH_PIX -1123.31718386897 -1231.01180364797 -1305.71616557756 -1966.91903362576 -1994.76082377974 -2079.91282538658 -611.219622344817 -374.068956571973 -39.0995043536841 187.479669768313 591.949037368893 813.979204244547 1126.22384452128 1365.52642170577
MATCH_LRES -0.00100898090056489 0.000353345987150533 -0.000346074128970031 0.000660967647945654 0.00108397267285909 -0.00134094403028939 -0.000280700908888321 0.00196127896663256 -0.00150361353382777 0.00112289718163083 -0.00118630298038624 -0.000457597703075407 0.00165281324393618 -0.000711062787217998
GUESS_LAM 616.294484267381 615.873528658275 615.569151839702 612.713346217212 612.623207203022 612.24170105681 618.280848946911 619.084447488965 620.231463779252 620.953465305673 622.176213113371 622.807419301838 623.655584048799 624.272417536168
STOP 99
START 100
DY0 2450
AUTO 0
COEFFS 614.138381550908 0.00323223041032926 -2.77650419965476e-07 7.64258368156029e-12 -4.13488890640173e-15 -3.52030526962236e-19
MATCH_LAM 611.45295 612.22503 609.98081 608.09062 608.01046 607.95561 607.87887 607.07008 605.26568 608.97156 608.89475 612.61755 616.30579 615.87915 618.24152 618.0141 615.57711 615.23853 612.74346 607.47848
MATCH_PIX -777.193238275283 -564.157772972072 -1163.74078949254 -1626.0491231988 -1645.00454457388 -1657.96913507933 -1675.95467710334 -1861.18216551245 -2254.46669656855 -1414.95732629064 -1433.27678278664 -452.903357334692 714.233561828692 565.836936754143 1450.68467814946 1353.70367660829 463.631614657381 351.100062145261 -417.199249931186 -1768.47348247585
MATCH_LRES -0.000658344191265314 0.000276283780408448 -0.00119575357439317 -0.000115524223701868 0.000503721654922629 0.00105455805976362 0.00137595535045421 0.000275470035376202 -0.000666297278712591 -0.00124000562834681 -0.00275563751176833 0.00088577458564032 -0.00116442338230627 -0.0001914524800668 -0.0042550398708272 0.00556131897928935 -0.000716672088856285 -0.000727597562331539 0.00256484478620678 0.0011888188072362
GUESS_LAM 611.453194282761 612.229388660589 609.967058728146 608.059458561767 607.978210499489 607.954918563466 607.878314614889 607.074191124692 605.266637921212 608.972875204515 608.897373036411 612.619885135539 616.415037043754 615.876346692253 618.295337930956 618.002820096405 615.578078718008 615.238966749372 612.739947521508 607.477020084053
STOP 100
START 101
DY0 2450
AUTO 0
COEFFS 608.061549581987 0.00320175477197752 -2.84977910018831e-07 7.89453158047085e-12 -9.0909771478206e-16
MATCH_LAM 605.5057 604.03531 603.68642 603.45431 603.21146 600.87354 601.18249 601.70878 602.27034 602.60448 602.06621 605.98573 605.72703 607.47848 607.87887 607.95561 608.01046 608.09062 608.89475 608.97156 611.45295 612.22503 609.98081 606.74591 601.01035 600.28653
MATCH_PIX -747.154408469966 -1138.12102323321 -1227.14932377946 -1286.00750637263 -1346.24976470702 -1902.06781689944 -1831.22152885012 -1709.16501054342 -1576.3236552896 -1495.80518135521 -1625.0247751141 -614.678577009289 -686.565132649445 -179.110331077854 -56.7385367132594 -32.8553675706378 -15.8347218326555 9.21713030574918 266.477360453192 291.764691506098 1179.17813816031 1491.87164462463 634.735214557215 -396.721761181506 -1871.1361076951 -2034.69221053952
MATCH_LRES -0.000982359713134429 4.59584093732701e-05 -0.000301089307640723 0.000818634653455774 -0.000989061889185905 -0.000819436360643522 -0.00159890430393261 -0.000777580752242102 0.000438854558638013 0.000722990816711899 0.00035052852103945 0.00186685353162375 0.000781004335067337 -0.000413690660025168 -9.7831476182364e-05 -0.000436844451655816 -0.000319199485716126 -0.000416368664673428 9.67902429920287e-05 -7.88529641795321e-05 0.00102562897905045 -0.000566703651202261 -6.29643135425795e-05 -6.61939129713573e-05 0.000331746379970355 0.00144809173787053
GUESS_LAM 605.507571059406 604.022439075885 603.670472051627 603.434886287442 603.213468857496 600.873686690097 601.182874089538 601.707965934559 602.268672713644 602.603083196217 602.064908938401 605.980914042229 605.726983509708 607.468417099633 607.870489471145 607.950829939436 608.006735123787 608.087340532907 608.883202559993 608.96347672006 611.38776116285 612.222835086472 609.979046620681 606.746483260947 601.011127509989 600.287562651342
STOP 101
START 102
DY0 2450
AUTO 0
COEFFS 602.100357929219 0.00317690664495599 -2.82401273991834e-07 4.50027307135382e-12 -7.17505786209264e-16 8.77665284082498e-19
MATCH_LAM 599.07037 598.79243 594.62942 600.28653 597.67206 599.26658 600.68286 600.87354 601.18249 601.70878 602.27034 603.21146 603.45431 603.68642 604.03531 605.5057 604.4263 595.96736 595.72112 602.60448
MATCH_PIX -883.108950062138 -958.033555582718 -1980.11187743477 -544.529268925655 -1250.36876119032 -829.750049048102 -429.803076528453 -373.636224821189 -281.856596215472 -121.96978185878 53.8033079018047 361.649017655531 443.194303027922 523.672133975582 645.772274749872 1196.6033827215 786.123391251173 -1670.68869951242 -1728.79880088166 161.080666241512
MATCH_LRES -0.000186492897796597 0.000121013603347819 -0.000370870019196445 0.000657838031543179 -0.0012471842596824 -5.42274830195311e-05 0.000509171251110274 -0.000131054244548068 0.000105866169633373 0.000118208090043481 -0.000129216850041303 -0.00109384971369764 0.00105565277988262 -0.000778683066755548 -2.43786338387508e-05 -0.000188932999321878 0.000846821056939007 0.000862181521824823 0.000235267867992661 -0.00030712894476892
GUESS_LAM 599.069363157621 598.789544570282 594.585878842935 600.292851500446 597.669545375622 599.267817750544 600.68055143011 600.872351741869 601.179806639609 601.703249838941 602.26248818959 603.197134875798 603.443704381356 603.679709448707 604.026019689006 605.490057567489 604.425234295039 595.964273203811 595.719956718113 602.604823745913
STOP 102
START 103
DY0 2450
AUTO 0
COEFFS 596.254076440677 0.00314572433225311 -2.8001659766327e-07 1.01480164082762e-11
MATCH_LAM 599.07037 599.26658 594.62942 595.04467 596.24333 595.72112 593.1577 592.78739 592.7046 591.60245 590.72073 600.28653 598.79243 589.7558 590.89256 589.30835 592.05856
MATCH_PIX 976.984834821212 1052.39047007275 -494.166517091879 -371.944774967428 -3.30338297905141 -167.024971087024 -908.579956806354 -1008.18610020507 -1030.10400830074 -1317.11922859207 -1537.05979891785 1462.25576805299 872.68615774791 -1769.15216999736 -1494.87882689153 -1874.03947879964 -1200.00269771795
MATCH_LRES 0.000780913516564397 0.000270813956603888 -0.000539978141091524 -0.000110223696083267 -0.000351852459175461 0.000317078682655847 0.000535755925625381 -0.000191763629004527 -0.000831218845064541 0.000628850001930914 0.000225327157750144 -0.000399380995418142 -0.000365752639140737 -0.000395341139324046 0.000602862877940424 -0.000298939102094664 0.000122848535056619
GUESS_LAM 599.561999015832 599.307388946286 594.489190176344 595.054471338887 596.244607893156 595.720489797048 593.163177826152 592.79140549417 592.707592110894 591.604689181092 590.723934390146 600.284590864792 598.794352997476 589.760760104173 590.893694942307 589.310855035946 592.058417848732
STOP 103
START 104
DY0 2450
AUTO 0
COEFFS 590.523719948691 0.00312158901977737 -2.77843919230341e-07 1.23740403730479e-11 -4.48246702708704e-15 -8.62502574411283e-19
MATCH_LAM 589.7558 590.1479 588.73323 589.30835 590.72073 592.05856 591.60245 592.78739 593.1577 594.62942 593.93083
MATCH_PIX -240.718090401685 -119.015423848794 -546.254731914016 -376.553182465817 63.2904989005942 514.955576415766 356.729173179033 777.926991306101 916.427896292477 1515.71277039689 1220.97540775496
MATCH_LRES -0.000210327425520518 -0.000345401591403061 -2.60286981301761e-05 0.00021472874925621 0.000553016438743725 -0.000304484537650751 4.12465188901479e-05 -0.000493469636126065 0.000808672482435213 5.1931170332864e-05 -0.000289881612843601
GUESS_LAM 589.759606310861 590.144668364024 588.736135791738 589.310143563498 590.723213115514 592.052332244534 591.602474193289 592.783003039863 593.154029221733 594.628563747492 593.929551792379
STOP 104
