START 103
DY0 2450
AUTO 0
COEFFS 596.378353873591 0.00310488431573167 -2.66256306365824e-07 5.39886699808255e-12 -3.32128603090382e-15 -2.76537215144924e-19
MATCH_LAM 591.60245 590.72073 592.05856 589.7558 589.30835 588.73323 590.42373 590.1479 594.62942 592.7046 592.78739 593.1577 595.72112 597.13905 597.67206 599.07037 598.79243 593.93083 588.81626 599.26658
MATCH_PIX -1369.63990120349 -1591.92785777501 -1251.0576305394 -1826.22607372982 -1931.93066505248 -2065.18439722185 -1665.0345635385 -1732.06075977322 -538.139925849413 -1079.74956181244 -1057.62894993818 -956.406762839554 -207.965114666781 250.215321141195 432.794733162842 942.743291079033 837.039601782634 -740.155817306852 -2046.06505800929 1018.60805901851
MATCH_LRES 0.000369724169217989 0.000167725318874545 -0.000814844164210626 -0.00013366013479299 -6.5202058522118e-05 0.000193662681454043 0.000178318269831834 -0.000192319946563657 0.000142156716037789 6.5765495605774e-05 0.000857167951494375 -0.000292403349021697 4.38627689618443e-05 0.000404911336772784 -0.000515586246820021 -0.000147631625509348 0.000291357186597452 -0.000437840750350915 -0.000111451255406791 -3.70609359379159e-06
GUESS_LAM 591.484722222424 590.740094787848 592.076248596872 589.760615663064 589.309396684459 588.732165957888 590.423157663379 590.148001971808 594.620024829577 592.703966276572 592.786307174603 593.158249541509 595.726305614147 597.142630795151 597.67415005856 599.072674717557 598.791743180361 593.931508692542 588.816443365881 599.266591238172
STOP 103
START 104
DY0 2450
AUTO 0
COEFFS 590.640923734913 0.00307123949342685 -2.64458352734231e-07 7.31836975427217e-12 -2.21086916263579e-15 -1.9919014749303e-19
MATCH_LAM 585.57431 585.43033 587.00009 585.50971 587.28097 588.81626 589.30835 590.1479 591.28683 591.60245 592.05856 592.78739 584.05683 584.54249 584.75401 583.39873 581.7034 593.1577 592.7046 594.62942 593.93083 586.84383 590.42373 590.72073 589.79972 589.7558 586.53444 587.14781 587.42301 588.73323
MATCH_PIX -1456.46676819523 -1493.40451015787 -1080.99266571707 -1473.22411995891 -1004.0236856438 -565.972964885784 -418.468673868989 -158.238256130255 214.142911844519 321.811821708926 481.61391450948 745.997499917317 -1833.11551126634 -1714.97837009313 -1663.14969557499 -1989.28736323352 -2374.62354996253 885.89453854797 715.218459166385 1484.56945149112 1190.99910972096 -1123.76622932173 -70.7867990291209 25.9841386383143 -267.324583422115 -281.276288263699 -1206.19897894492 -1040.78455210086 -964.900855114191 -590.46841492498
MATCH_LRES -0.00120717162917572 -0.000288276262949694 0.000154551713535511 -0.000179620196377073 -0.000315206248501454 -0.000170412530223985 -0.000443783980699664 -0.000383926096787945 0.000282285612343003 0.000333644018041923 -0.000867210434648769 0.000196068918512537 0.000427151603730636 -0.000428798063694558 0.00057504903327299 -5.6163168551393e-05 3.32836395955383e-06 -8.64365963479941e-05 0.00028772863629456 0.000110340780452134 -0.000246567486101412 0.00178761073573241 0.00153726905625717 0.000181180706022133 -0.00113625306232734 -0.000157562407139267 -0.000178630430468729 0.000456535976468331 7.18333257054837e-05 -0.000258559030044125
GUESS_LAM 585.46157763766 585.43223456503 586.979755451812 585.509940043985 587.277636162282 588.816427815052 589.307933437536 590.146261454192 591.286732363684 591.603079171787 592.061338568517 592.789235895257 584.057967313736 584.542927416716 584.753278263519 583.399231816093 581.703365816811 593.161764261632 592.703941962616 594.636156769156 593.930541967048 586.841873995923 590.422662656155 590.72085611015 589.801658252762 589.756574977563 586.534604935921 587.147365430371 587.423017751526 588.733571033304
STOP 104
START 105
DY0 2450
AUTO 0
COEFFS 585.013795943937 0.00304134428315682 -2.62933317651729e-07 6.4952661123815e-12 -1.885928835245e-15 -2.08225966067804e-20
MATCH_LAM 585.57431 585.50971 585.43033 584.75401 584.05683 586.53444 587.00009 587.28097 583.39873 582.44073 581.7034 581.45843 580.24383 579.76761 579.40369 579.12503 576.51269 576.97808 587.99056 588.73323 588.81626 587.42301 587.14781 582.00622 584.54249
MATCH_PIX 187.200755712654 165.536823594531 138.676545379895 -84.9259176077002 -306.601172876261 523.577796741922 694.002679398595 799.811166898259 -508.305115649739 -790.79021858093 -999.345598668715 -1067.08759051866 -1392.66762341346 -1515.77520159417 -1608.01330235815 -1677.9392669724 -2296.55201071944 -2190.80064894204 1077.62161859665 1385.23660865921 1421.57473674809 854.019502166255 749.654253053929 -914.513453096939 -152.7647840339
MATCH_LRES 0.000346085455475986 -0.000363446116239174 -0.000189167122698564 0.000403469846560256 0.000434451978549077 -0.00044711933128383 0.000501845050621341 0.000326168440551555 -0.000221694868287159 0.000367612447007559 -0.000109852673517707 -0.000280725246511793 0.000110757430320518 0.00032655048585184 -0.000323839582961227 6.62296459950085e-05 5.25207841519659e-05 -6.87580219391748e-05 -0.000872861378070411 0.000775522333356093 -0.000515705907901065 0.00058387768456214 -0.00031481326152516 -5.17424252848286e-05 -0.000535364129632399
GUESS_LAM 585.462744566811 585.509532529415 585.428891229439 584.743562640455 584.040447659021 586.520313877762 586.997059129079 587.281133175569 583.40135772464 582.44305365965 581.706107263318 581.459546973882 580.243196554013 579.768060417252 579.405407117164 579.126145473844 576.527960484419 576.97819454469 587.995639167333 588.742543163708 588.822037384756 587.419407317182 587.145615897277 582.008824101714 584.543121010846
STOP 105
START 106
DY0 2450
AUTO 0
COEFFS 579.492510484111 0.00301092420662042 -2.60491766451046e-07 7.27952985255876e-12 -1.75185839891293e-15 -8.66002742709183e-20
MATCH_LAM 580.24383 579.76761 579.40369 579.12503 576.97808 576.51269 575.46226 575.09838 575.03358 574.27635 572.69764 574.3422 576.93781 583.39873 570.86865 583.24439 582.00622 582.44073 581.7034 572.66001 573.76205 579.20078 580.81973 581.45843 580.00866
MATCH_PIX 255.021221075777 92.1216635533071 -29.2937240371455 -120.74072346825 -780.960085099462 -914.906761587071 -1206.92419157055 -1305.14407334057 -1322.54028560756 -1520.95240944431 -1915.3675734848 -1503.85359401991 -792.682612035113 1482.48685804658 -2342.78478689766 1415.15161295579 904.166266627992 1077.55325793508 786.690791840721 -1924.21109667639 -1652.24116844527 -96.3368476524244 459.235544104723 693.771885495262 173.968941182213
MATCH_LRES 0.000298013039582656 -6.6757556965058e-05 -0.000395583242607245 -0.000128600663288125 -5.15015271957964e-05 -0.000312992678232149 -0.000550236518961356 0.00022027707802863 0.00061632269500933 0.000188898142596372 0.000302031546425496 -0.000147048646454095 -2.39900233509616e-05 0.000428260081889675 0.000101003397730892 -0.000472892717084505 0.000132109615378795 -0.000369464891264215 0.000589842401836904 -0.000757425816800605 0.000252296351959558 0.00075669006116641 -0.00119224025104359 0.00039364587394175 0.000189343402666964
GUESS_LAM 580.220778839038 579.73819463612 579.404043913099 579.124751844431 576.984279689347 576.513704985192 575.464228189915 575.097877344426 575.033081105583 574.277814654478 572.702048014563 574.3419664227 576.938209020807 583.410900826526 570.883270406397 583.247497216698 582.005957153941 582.441094027329 581.702717258638 572.661304203799 573.761999802144 579.200067308586 580.821111435683 581.45789106352 580.008555756903
STOP 106
START 107
DY0 2450
AUTO 0
COEFFS 574.074593675341 0.00298385240131097 -2.57554717742654e-07 6.24405462366787e-12 -2.23665084239587e-15 -1.32955787585982e-19
MATCH_LAM 576.51269 576.93781 576.97808 575.46226 575.09838 575.03358 574.27635 574.3422 573.76205 570.86865 572.69764 570.42336 570.20407 567.86279 568.67701 566.87007 566.67517 566.61929 565.94954 577.87014 577.90024 569.98756 574.36767
MATCH_PIX 883.663951916055 1054.02411305087 1070.27601815653 485.15477737918 353.791507275473 330.745539172352 68.0039564504081 90.6391119898515 -103.955098366415 -987.638073179542 -444.220573977282 -1113.03381246854 -1173.3735062276 -1787.21594964676 -1580.76632509192 -2030.10291062136 -2076.59788616417 -2090.08660244312 -2246.84518393921 1450.67313297766 1464.70522507892 -1232.85817507358 99.0419937690851
MATCH_LRES -0.000384887803647871 -7.94610748471314e-05 0.000433586698022737 7.25171940985092e-05 0.000121676037906582 6.64113812263167e-05 3.17118627890522e-05 -0.000735977559543244 0.000433575661418217 0.000267381132630362 -9.14041561372869e-06 0.000780448648470156 -0.000716230655029904 -0.000308918783048284 9.10733409682507e-05 0.000116285866965882 -0.000147409556348066 0.000715318301331536 -0.000368657671174333 0.000660881263911506 -0.000700095267802681 -0.000410308194204845 7.02196409747557e-05
GUESS_LAM 576.436588456344 576.944698299901 576.985151580626 575.445386592283 575.076141820941 575.033601942354 574.275028933173 574.34299163335 573.760301011205 570.878303044368 572.698567666416 570.422538063582 570.205982096216 567.833446895138 568.677506819551 566.867102652066 566.675265274873 566.61845423356 565.950431951856 577.871331574535 577.901679448162 569.988070891442 574.367587057004
STOP 107
START 108
DY0 2450
AUTO 0
COEFFS 568.757160900389 0.00295600452246575 -2.55122302357902e-07 5.92547617941484e-12 -2.109240025449e-15
MATCH_LAM 570.42336 568.67701 570.86865 570.20407 567.86279 566.87007 566.72006 566.67517 566.61929 565.94954 565.05588 564.13114 563.48584 561.82504 561.22381 560.60711 560.31582 563.1859 571.35812 572.69764 571.87569
MATCH_PIX 593.709421512126 -27.0350792236082 764.029787123183 511.896226618315 -295.056660527564 -606.175941850848 -651.821250883733 -665.24609012753 -682.242909795891 -880.967629726891 -1136.75094777418 -1389.91523016665 -1560.98315166176 -1980.37978861948 -2124.8741373735 -2269.9804526898 -2337.28023292756 -1638.9731626202 957.761411057095 1532.35090631054 1171.84675632549
MATCH_LRES 0.000141654634376209 -4.84979811972153e-05 1.50672108247818e-05 -5.67801026818415e-05 0.000196665367525384 0.00011705103577242 0.000101469243759311 -0.000457875099641569 -7.11027225861471e-05 -0.000153317159288235 0.000855764881293908 -0.000780959618396082 -0.000337758759314966 0.000921178857197447 -0.000465102781504356 -6.89387661623186e-05 -2.34437166000134e-05 0.000176970116740449 0.000406421532829881 0.000204305875968203 -0.000672772013672329
GUESS_LAM 570.336823646205 568.653588667506 570.87522727534 570.201142963847 567.863389710583 566.872579497811 566.720694367758 566.675804930006 566.61928668067 565.949915994127 565.055747978087 564.135202002607 563.484552863453 561.821503001333 561.223203993668 560.605966721816 560.315375703797 563.185379823878 571.35757165815 572.708533055961 571.876588085474
STOP 108
START 109
DY0 2450
AUTO 0
COEFFS 563.538652953284 0.00292835167695753 -2.54915558892332e-07 6.43723609133279e-12 -1.5640502374235e-15 -1.19834205757438e-20
MATCH_LAM 565.94954 566.67517 566.72006 564.13114 565.05588 561.36256 561.22381 560.60711 560.31582 559.66178 559.51655 557.77526 556.14351 555.85887 558.53129 566.87007 558.23047 559.48218 555.66546 562.762 563.1859 561.82504
MATCH_PIX 891.071557881216 1192.08708516547 1211.2707702459 206.163493965669 543.692894682173 -699.582288668284 -741.33588491159 -924.527745836197 -1009.02416192364 -1194.85909648101 -1235.14425514083 -1701.07836156115 -2107.47366429399 -2175.86343875069 -1503.13786111335 1276.53495719282 -1582.91815305934 -1244.68561626741 -2222.13920680442 -259.566358584055 -119.172596492083 -558.036659933214
MATCH_LRES 0.000359605557946452 0.000202516069634839 0.000344577732676044 -0.000450969352982611 -0.000440747808625019 -0.000133743821379539 -0.000762167585548923 -8.95361756647617e-05 -0.00029641247147083 0.000174637894360785 -0.000536297466624092 0.000215567361010471 -0.000916463364092124 -0.000436945050864779 7.03233664580694e-05 -0.000527470503129734 0.00111382797786064 -0.000538572567961637 0.000881006139707097 0.000743147412435974 -0.000142132047699306 0.00116624849022173
GUESS_LAM 565.87486026159 566.685225774763 566.730573422627 564.106596626563 565.044164943082 561.365250634145 561.225302116719 560.607438970271 560.316296873845 559.662045168877 559.517512869176 557.776944749222 556.133081516704 555.857149129114 558.530807495944 566.871707337331 558.229119029533 559.48285435527 555.663605445166 562.760366088248 563.185543675148 561.823641232888
STOP 109
START 110
DY0 2450
AUTO 0
COEFFS 558.413494954884 0.00290242499918815 -2.52446207780448e-07 6.26602889502694e-12 -1.31291614914336e-15 1.52489434664062e-19
MATCH_LAM 559.66178 560.31582 560.60711 561.22381 559.51655 558.53129 558.09068 557.77526 557.24736 556.14351 555.85887 554.97169 554.44301 554.14493 554.08003 552.88298 561.82504 561.36256 560.79425 551.64051 551.15238 550.58307 550.34733 552.05223 558.16265 558.23047 559.48218
MATCH_PIX 447.131559315623 696.919710563806 812.04448318442 1064.90016881433 393.553373060923 40.7956047734669 -110.13200821834 -215.805892259212 -388.637414306546 -734.145781694856 -820.14577637976 -1080.87775098752 -1231.04334864732 -1314.02859750741 -1331.96567099789 -1653.77826971656 1323.91150280321 1123.74520751819 887.27066217218 -1970.8434323092 -2090.94060646897 -2228.22465052036 -2284.01279753161 -1867.56716929867 -85.8483912658676 -62.8272912030443 381.01423824531
MATCH_LRES 0.000479559862469614 0.000343890776548506 0.000345713490105481 -0.000288059756712755 -0.000456051048331574 -0.000191418330246051 -9.45602471347229e-05 -5.16711023692551e-05 0.000384340355822133 -0.000227679384011026 -0.000300826828038225 0.000223369210630153 0.000236487019719789 -7.52378047081947e-05 -8.25441837832841e-05 -6.28432453595451e-05 0.000337237441158322 -0.00080275512505068 0.000609576814895263 0.000107974187926629 -0.000141102168868201 0.000284108617279344 -0.000181142272026591 -5.68067242738834e-05 0.000188113584272287 0.000324593260643269 -0.000852266985589267
GUESS_LAM 559.572931425714 560.324246379981 560.619055046063 561.243272191944 559.515616238917 558.521292229222 558.091082885207 557.775721397678 557.247909183075 556.147307748175 555.858422546694 554.976431240372 554.442793278445 554.144728029315 554.079855436023 552.884421484923 561.823838566708 561.363617306141 560.793623675374 551.638984520789 551.152091341791 550.582572890003 550.348030466861 552.052087006841 558.162323654456 558.230049632163 559.483077094075
STOP 110
START 111
DY0 2450
AUTO 0
COEFFS 553.381453988049 0.00287787405318444 -2.50232404811052e-07 5.37428385399762e-12 -1.66946541141992e-15 1.30260595071682e-19
MATCH_LAM 554.14493 554.44301 554.97169 554.08003 552.88298 552.05223 551.64051 551.15238 549.76646 550.34733 550.58307 549.417 549.47306 550.11756 549.58579 547.2279 546.32547 545.37339 556.14351 555.85887 554.76611 554.73467 554.86753 552.32869 546.57235 553.16116
MATCH_PIX 271.700956969748 381.225388555619 581.682437042692 248.057578286824 -170.702423055133 -444.208806114661 -575.800244048363 -727.652182293801 -1139.30628215295 -970.148846809398 -900.186766116109 -1238.98862721557 -1223.20313730824 -1037.77809841835 -1191.18055282769 -1828.60425336009 -2055.94507283913 -2286.87375929541 1054.98739552931 935.887202626946 503.100676655815 490.843882007658 541.787172281509 -354.873859035801 -1994.71871850318 -76.0361596574421
MATCH_LRES -7.15022146096089e-05 0.000540786229748846 1.91821163753048e-05 1.91523675994176e-05 0.000105856432128348 -0.000932445218722933 0.000317857516165532 7.5006828410551e-05 -0.000397074892930505 -0.000143820759944902 0.000106064361489189 -0.000134679152779427 0.000164863746590527 0.000296688232992892 0.000218202255950928 -0.000145370471273054 -0.000206177280233533 1.83208931048284e-05 3.07878613057255e-05 7.07534536559251e-06 -0.000449580293889085 0.000374704875071075 -0.000384602820531654 0.000298808606430612 0.00029424946387735 -2.23603404947426e-05
GUESS_LAM 554.051993883946 554.445965437959 554.981382270552 554.079156508469 552.89038825944 552.058671257504 551.641182796842 551.15379877521 549.773818433514 550.346921403757 550.582046124759 549.416476407656 549.472646556166 550.117220807956 549.585533936773 547.230917781455 546.324160718905 545.37145812365 556.135999001508 555.856806309045 554.766970284574 554.734541272323 554.868220713831 552.328241902483 546.571910100367 553.161187503073
STOP 111
START 112
DY0 2450
AUTO 0
COEFFS 548.440236409264 0.00285292479844819 -2.49211771113905e-07 5.61309252313233e-12 -1.47715990488634e-15 1.08072686623377e-19
MATCH_LAM 549.417 549.47306 549.58579 549.76646 550.11756 550.58307 551.15238 551.64051 552.05223 547.2279 546.57235 546.32547 545.37339 545.09943 543.88996 543.26212 542.7186 542.55151 541.22726 540.91564 543.56621 543.66344 550.28093 546.41308
MATCH_PIX 353.294508722669 374.132690484769 416.341109076426 485.284034057289 621.248107083057 807.132654158119 1044.24305119764 1257.03350319176 1444.40301731367 -409.937015242254 -620.630069468535 -697.822498445363 -987.32091816828 -1068.18318413866 -1412.78664958376 -1584.27994548208 -1729.01332074162 -1772.86027325148 -2109.23995815366 -2185.92389785709 -1501.90670643678 -1475.14685825592 685.876542725385 -670.792754911524
MATCH_LRES -0.000278309459986303 6.88411392957278e-05 0.000600007489993004 -0.000128219341604563 -3.27398697663739e-06 0.000135536507173128 -2.12477693821711e-05 3.91699760484698e-05 -1.3771938483842e-05 -0.000507655949945729 0.000287265779661539 -0.000300535610676889 -0.000254465426564821 -9.09211610178318e-05 3.72270128536911e-05 -7.28740243403081e-05 8.63482614477107e-06 0.000153721087144731 -0.000336159599214625 0.00022781857830978 0.000312035389697485 -0.000246370676677543 -0.000325349214222115 0.000708895555135314
GUESS_LAM 549.327650588702 549.4733448249 549.586806963178 549.77021717399 550.124951693011 550.581498133522 551.152263700291 551.640102541767 552.052025421209 547.233285321598 546.573774544405 546.327560604248 545.380270992233 545.104537678238 543.893654290447 543.264990259841 542.721604911612 542.553347305224 541.236859919452 540.920395024345 543.563783157538 543.66370918104 550.281377853016 546.412275322089
STOP 112
START 113
DY0 2450
AUTO 0
COEFFS 543.584954279516 0.00282829321885641 -2.46204967607801e-07 6.13247213926647e-12 -1.7020894951975e-15
MATCH_LAM 545.37339 545.09943 546.57235 543.88996 543.56621 543.26212 542.7186 542.55151 541.22726 540.91564 540.47015 540.06763 540.02031 539.40721 538.81085 538.0606 537.63162 537.68473 547.2279 546.32547 546.41308 536.16402 538.03309 543.66344
MATCH_PIX 670.850529594696 562.613889961764 1174.00956718383 108.973527594016 -6.73641947319951 -113.023749690097 -298.542032076792 -354.251664950906 -779.306682221276 -875.160666803508 -1009.85296036332 -1128.81320169144 -1142.63833696701 -1318.82352688645 -1485.71098228822 -1689.52217689503 -1802.8684147596 -1788.8947798737 1472.67595159001 1066.09925473348 1104.00405400364 -2175.90090252295 -1696.70276608342 27.885578784346
MATCH_LRES 0.000369188250260777 0.000249437510774442 -0.000393349248952291 -0.000287324011083001 0.000319464498488742 -1.57299787133525e-05 0.000130415684338914 -0.000319957556257577 -0.000531327630483247 -0.000424383464064704 0.000522268288932537 0.000593798552131375 0.000572914244003186 -0.000285565840954405 -0.00021623659188208 0.000342212016789745 -0.000127411104699604 -0.000276154972766562 0.000168761962072494 -0.000128921744590116 3.60318579168961e-05 0.000149929038684604 -0.000256505222409942 -0.000191554504453961
GUESS_LAM 545.293019236445 545.097200341218 546.580311559225 543.875838080802 543.565541827658 543.262440707916 542.719301249211 542.552503181111 541.23273936389 540.918021764171 540.469980120258 540.06852544664 540.020830633382 539.410399221845 538.81401339756 538.063617292665 537.63302429206 537.685566469475 547.234468716843 546.323509702249 546.413100461857 536.157869909219 538.033382754075 543.663660976615
STOP 113
START 114
DY0 2450
AUTO 0
COEFFS 538.815903703587 0.00280574525848152 -2.44163689999891e-07 5.68724533058684e-12 -2.02778207969769e-15 -8.2979822928527e-20
MATCH_LAM 540.02031 540.06763 540.91564 541.22726 539.40721 538.81085 538.0606 538.03309 537.68473 537.63162 536.16402 535.26151 532.84575 531.34796 531.17439 530.89421 532.22501 542.55151 540.47015 534.50675 534.94592 536.37452 536.40666 535.60906 538.55325
MATCH_PIX 446.546063008246 464.662506628139 803.940035651943 934.347686601942 214.731579647847 -1.85031479762922 -263.180758847679 -272.345398428402 -389.834267740424 -407.604567458686 -876.597331373171 -1147.87398657791 -1819.93988182081 -2202.27867263881 -2245.04237295314 -2313.88793422795 -1981.57705026098 1532.80248267744 622.90287566712 -1365.91046331531 -1240.19380295366 -811.393495142918 -801.286425304367 -1044.77562583994 -92.8349095242632
MATCH_LRES -0.000225442752366689 0.000245108107037595 -0.000187047616350355 -6.35184667316935e-05 3.05261827406866e-05 0.000138644353796735 0.000139540039640451 -0.000445863983600248 9.07019114038121e-05 0.000356776196667852 0.000231383685559194 -8.12530862503991e-05 -0.000279964489436679 -0.000562602160812276 -0.000724389576021167 0.000840081783280766 0.000633871502145666 2.57159055081502e-05 0.000215476728953945 -6.06425370506258e-05 0.000629806011943401 -0.000184996160669471 -0.000535928054773649 -0.000152371155991204 -7.36151517912731e-05
GUESS_LAM 539.935508472263 540.067544814281 540.921789188336 541.234802888952 539.401400825316 538.810467671097 538.060888276296 538.033689266252 537.684367238328 537.631266407232 536.166989999608 535.261922814741 532.84157126296 531.347273404172 531.174438051898 530.892510480468 532.224047467587 542.553544475896 540.469855907973 534.506718988958 534.945187327504 536.374735507488 536.407199304526 535.609145529477 538.553423976358
STOP 114
START 115
DY0 2450
AUTO 0
COEFFS 534.130019951396 0.00278305709327999 -2.43169564753839e-07 5.41158177915633e-12 -1.75048910735372e-15 8.67429906123423e-21
MATCH_LAM 534.50675 534.94592 535.26151 535.60906 534.19835 532.84575 532.66252 532.22501 531.89737 531.34796 531.17439 530.1998 529.58701 529.97566 530.28795 535.71256 536.37452 536.40666 537.63162 537.68473 537.22028 536.16402 528.25381 527.55864 526.12398 532.43796 534.67982 534.7865 536.26462
MATCH_PIX 136.962951463331 300.847556095584 421.983505885171 558.702436039904 24.6569191005999 -444.034535654889 -504.811605510325 -647.133804262674 -751.854907846309 -923.191904320633 -976.572610668512 -1266.3475354793 -1442.08516080512 -1331.21561398564 -1240.82932943264 600.065817021991 871.779111074239 885.677811397221 1434.97767920777 1460.56130960278 1242.95818011627 783.820311085148 -1807.75723308429 -1989.89430285439 -2349.683613061 -578.129961208192 200.767377873084 240.936389891823 825.792742719951
MATCH_LRES 0.000102628193417331 0.000500182933251381 3.58325552269889e-05 -0.000729415469209016 -0.000143807214385561 -9.57722090788593e-06 0.000197752549638608 -0.000389986334425885 0.000126927032624735 2.04791091391598e-05 0.000776666299998396 -0.000427453692168456 -5.30851366420393e-05 -0.000281556461459331 0.000140437126447068 -0.000860128203385102 0.000518853759785998 -0.000190832635212246 7.96435539314189e-05 -0.000329279357629275 0.000480638818999068 3.26679722775225e-05 0.000388792173680486 -0.000160625387252367 -1.25328291460391e-05 -0.000573868154901902 0.000813588767755391 -1.34003714720166e-05 -3.95425820443052e-05
GUESS_LAM 534.415050312278 534.949422846815 535.267984350628 535.618701675376 534.197374672467 532.840946713667 532.663099515077 532.227184052703 531.89804697855 531.349813861233 531.174417631105 530.20027999398 529.588327323058 529.975680414303 530.287971319843 535.712312535624 536.369343036953 536.404141514634 537.633807544292 537.68519448866 537.219713857358 536.163955557684 528.252032378546 527.559201643514 526.122480038633 532.438597302372 534.678813968256 534.786475022038 536.264667339124
STOP 115
START 116
DY0 2450
AUTO 0
COEFFS 529.524733639636 0.00276111595331245 -2.41138230786531e-07 5.43472560178535e-12 -2.00287090999068e-15 -7.63318782127839e-20
MATCH_LAM 529.97566 529.58701 530.1998 530.28795 531.17439 531.34796 531.89737 527.55864 526.12398 525.98237 526.81761 524.91155 527.43945 524.16551 522.05633 521.8049 522.96802 532.22501 532.66252 532.84575 530.00346 528.25381 526.15685
MATCH_PIX 165.707047319896 22.6438404662059 249.863010150812 283.559336739333 631.906941156743 702.971894658568 934.423030008515 -671.992638886292 -1118.64569790051 -1160.95937796049 -906.813791106112 -1471.91927752956 -710.197519171301 -1679.93886332063 -2231.68599103098 -2294.09235194505 -1999.11711981258 1078.09488759071 1276.75974296366 1362.5264499449 176.06315114674 -443.032596804321 -1108.41472398453
MATCH_LRES -1.1847941891574e-05 -0.000122329301348145 0.000143346947538703 -0.000445734339223236 0.000131784139057345 1.68599065091257e-05 0.000282211028093116 0.000294892929105117 0.000319918512104778 0.000173968733406582 0.000345176985547369 -0.000401506456228162 -0.000278003616699607 0.000519104794193481 0.00037093666810506 -0.000261188361264431 -0.000245536382294631 -0.000189563829735562 -0.000142136439762908 0.000104968832374652 4.27206928179658e-05 0.000219280350620465 -0.000867325030071697
GUESS_LAM 529.885900715744 529.583761958773 530.201405189864 530.290800282805 531.181642861317 531.349120821944 531.897657005088 527.561737154135 526.128197740172 525.982795437597 526.817181640976 524.914307542779 527.440023360292 524.163673261689 522.056933086134 521.805544171012 522.968484223043 532.225971103441 532.663151640633 532.845785183068 530.003473764285 528.253631050458 526.157786364562
STOP 116
START 117
DY0 2450
AUTO 0
COEFFS 524.998599556275 0.00273923727902804 -2.39771042816147e-07 5.490976285843e-12 -1.92662133694191e-15 -2.5246756568447e-20
MATCH_LAM 525.98237 526.12398 526.81761 527.55864 524.16551 523.46823 522.96802 522.05633 521.8049 521.26816 520.66023 518.58979 518.5434 517.5113 517.73534 519.23167 519.72602 519.59038 521.11753 527.43945 527.78768 528.25381 521.99808
MATCH_PIX 371.007800785293 426.697994485491 707.210507715776 1025.11849429877 -296.342399653738 -533.418028627724 -697.832169100041 -986.325708366496 -1063.63628001587 -1225.2381483144 -1403.11454232283 -1972.90948403213 -1985.21154501839 -2250.13084785972 -2193.27060025477 -1802.20377002112 -1667.17068091869 -1704.35731196508 -1269.82828523229 972.808242924843 1127.95411554542 1343.84912870898 -1004.29828013644
MATCH_LRES 0.000252026073439993 -0.000153579563516359 0.000257949802062285 0.000206309566465279 -0.000123297994605309 4.84562065139471e-07 2.82382911791501e-05 -0.000162326138706703 0.00014975082615365 9.6722478360789e-05 -0.000363237404144456 -0.00066271035234422 -0.00017448652965868 0.000813804548670305 -0.000733462881726155 0.000481063832467044 0.00063307103380339 -6.43335249606025e-06 8.25631932457327e-05 -0.000301085329738271 -0.000312743550580308 0.000166713119938322 -0.000175336755887656
GUESS_LAM 525.89649946209 526.125103765675 526.820451033643 527.560878179979 524.151178134447 523.469072283326 522.968608383917 522.058153346906 521.80503830477 521.269256612934 520.662547002297 518.587264520739 518.542859949966 517.512895035604 517.736412117305 519.230808366809 519.725233449889 519.590206341237 521.117323747652 527.439992779988 527.788094898253 528.253523733754 521.998204960163
STOP 117
START 118
DY0 2450
AUTO 0
COEFFS 520.549081051854 0.00271863155541225 -2.38603654041824e-07 5.22379272041462e-12 -1.70341418096096e-15
MATCH_LAM 521.11753 521.26816 521.8049 522.05633 520.66023 519.8683 519.72602 519.59038 519.23167 518.98109 518.78574 518.5434 521.99808 516.29773 516.00417 515.56778 514.96458 514.64709 513.61771 516.48963 522.2381 522.96802 523.46823 524.16551 513.89053 517.73534
MATCH_PIX 212.994160114926 270.84941166372 482.076179388765 584.001825397848 41.0731691415774 -245.056661003332 -295.127986982131 -342.205001049378 -465.294212305675 -549.830664627566 -614.985858511346 -694.433367691342 560.035500775272 -1387.19802149 -1472.52187052789 -1596.70640433431 -1764.15387535789 -1851.0045708313 -2122.87958025882 -1331.22697765879 659.037871473509 971.631737857827 1197.70330360077 1532.93977187657 -2051.94472731781 -953.175571310419
MATCH_LRES 0.000173948287283565 0.000148386361274788 0.000189074152785906 9.85484240345613e-05 -0.00011169706453984 -0.000150452577940996 0.000212915603128749 -0.000197536456539638 -0.000184078096367557 -4.69019358888545e-05 0.000279298219197699 -0.000563419142508792 0.000554365503717236 -0.000669154660158711 0.000390446244409759 0.000205192129897114 -0.000644694025368153 0.000841832147216337 -0.000176456947315273 0.000183148678615908 -0.000203185232862779 -0.000585146554044513 -0.000159475024815947 0.000215144835010506 -0.000103975577644633 0.000303872594940913
GUESS_LAM 521.029716274774 521.269003385193 521.80779924326 522.059801383902 520.657528275539 519.867536342803 519.725735654244 519.590915398075 519.232121499094 518.981037519012 518.785475340802 518.542873943161 521.997673208203 516.308862651757 516.001936569425 515.565815449594 514.963587481614 514.64484933928 513.61805204983 516.48983588187 522.239014942245 522.969692569614 523.46757105613 524.164590250095 513.890530306696 517.734994588087
STOP 118
START 119
DY0 2450
AUTO 0
COEFFS 516.174875360993 0.00269828724768217 -2.37445353778671e-07 4.95086707981455e-12 -1.661413496576e-15 6.50416840746201e-20
MATCH_LAM 517.73534 518.5434 519.23167 516.29773 516.00417 515.56778 516.48963 514.96458 513.89053 513.61771 511.64699 511.27022 509.79053 519.72602 518.98109 513.16639 511.11565 509.94642 514.74892 517.67666 517.5113 519.59038
MATCH_PIX 610.869772558201 957.577730569474 1273.17560574977 45.9258866294672 -62.8618662306581 -220.664453369244 117.931043443768 -431.916572792905 -790.336269271619 -878.228843999484 -1477.0828738967 -1585.17408701075 -1992.04769996437 1514.65151394944 1155.9807586494 -1020.87102490231 -1628.77542864576 -1950.29675299581 -505.742753548975 586.211460054632 518.47288317988 1446.94853867325
MATCH_LRES -0.000134671644218542 -0.000570987021205838 0.000224732995206978 -0.000566250750239305 -0.000146440708249429 -6.02319432800869e-05 -0.000162665819630092 -0.000106779517523137 -0.000362886412631269 6.24553989609922e-05 8.14135761402213e-05 0.00010833582473424 0.000354020208135353 -5.81462177251524e-05 -0.000472543540467996 0.000722155120570278 -0.000569221923797159 -0.000234632887611497 0.000167892510148704 0.000808726989362185 0.000692138650265406 0.000223587274831516
GUESS_LAM 517.649895041692 518.540967687114 519.221988223036 516.293695976735 516.002200358556 515.565912351443 516.489682185838 514.964994504781 513.894354857963 513.618235791401 511.652818434479 511.270416425235 509.792932134297 519.726304400412 518.981486823926 513.165683196102 511.116675334315 509.947456070277 514.748780256679 517.675401200666 517.510698356364 519.590040799527
STOP 119
START 120
DY0 2450
AUTO 0
COEFFS 511.873203789017 0.00267808577089989 -2.36415685823156e-07 5.29230031537588e-12 -1.6246966411608e-15 -5.10846588459176e-20
MATCH_LAM 511.64699 512.73786 513.61771 514.74892 511.27022 510.25511 509.94642 509.79053 509.14706 506.63569 506.60137 505.21926 513.89053 514.96458 515.06414 504.8451 504.66551 514.64709 505.32972 506.30673 506.12717 508.28628
MATCH_PIX -83.8284731605074 332.564098069873 693.17504701198 1198.68005903443 -220.896705300744 -574.483354230169 -678.193752341186 -729.829506433976 -938.004940289806 -1689.74848726776 -1699.18973789065 -2075.84123618583 810.612027622683 1300.92883365144 1349.67204602107 -2174.11326383516 -2220.80484346921 1150.74706690857 -2046.45080794632 -1781.28261797482 -1831.16407175519 -1206.19237234403
MATCH_LRES -4.94068793273073e-05 -6.2340252497961e-06 0.000340336413501063 -0.000396091561015055 0.000193407271126489 -0.000376385212462083 0.000203099330690293 0.000307033607782614 -0.00048657016566267 0.00087852602143812 0.000116343364936711 -0.00038115850423992 -0.000315054608677201 0.000682662153167257 -0.000334589118892836 4.48025701871302e-05 0.000534569729268242 4.04194014436143e-05 -0.000793908686091527 -0.000554103238812331 0.000432250968742665 -7.99457184825769e-05
GUESS_LAM 511.555774305202 512.742659554759 513.621415807481 514.743669853645 511.267328937416 510.258512430924 509.946100317403 509.790514403795 509.149193674937 506.641494196848 506.602232024116 505.21837619786 513.891115100235 514.963105014504 515.064616197071 504.843722989759 504.664099741916 514.646983425423 505.330826292129 506.307448674972 506.126630444224 508.286388238737
STOP 120
START 121
DY0 2450
AUTO 0
COEFFS 507.642494076574 0.00265794013942254 -2.34560263812533e-07 5.90001563519795e-12 -1.38682868125863e-15
MATCH_LAM 506.60137 506.63569 506.75478 506.12717 505.93965 505.32972 505.21926 504.8451 504.06357 506.30673 506.43439 506.81897 508.28628 509.79053 509.94642 510.25511 500.34927 503.12943 504.49219 511.11565 502.12061 508.64116
MATCH_PIX -378.898763264118 -366.833610121969 -324.347416341067 -543.768970819639 -607.264733887422 -810.842232577475 -846.394585811429 -967.332251818339 -1211.91610016839 -481.851226305594 -437.356539266481 -302.155165323294 247.223079598074 874.567822414342 944.037896060177 1084.92834854176 -2255.80034363124 -1491.84306437541 -1078.91934054132 1500.39223289419 -1780.1617007699 388.969219214113
MATCH_LRES -9.84853335239677e-06 9.81066508529693e-05 -0.000725360108503992 0.000407056001336059 -0.000762015180100661 0.000356005905246093 -0.00124359745763059 -0.000242608305541125 0.000278199051592765 0.000162816929162091 -0.000225389654190167 0.00117540650956016 0.000933955250729923 -0.000240518197870188 -9.08078573047533e-05 -0.000578037032539669 -0.000213398512642016 0.000660618192853235 -0.00026794780740147 0.000339808123612784 0.000205726275794405 -1.81702363875047e-05
GUESS_LAM 506.505619182627 506.635852101342 506.756697173659 506.122870621194 505.934958773065 505.321620317326 505.220836211017 504.844365305441 504.063709987842 506.306499602329 506.434555743171 506.817417838394 508.280921988766 509.793193369593 509.946209184778 510.25546783923 500.356647623724 503.126254572629 504.492080576731 511.125992142775 502.119549489356 508.641182524966
STOP 121
START 122
DY0 2450
AUTO 0
COEFFS 503.482070429988 0.00263942386360495 -2.33193952268002e-07 5.11526730469254e-12 -1.73931019067413e-15 1.67490862160286e-20
MATCH_LAM 504.8451 504.49219 505.32972 504.06357 503.12943 502.12061 500.34927 505.93965 506.12717 506.60137 506.63569 506.75478 506.81897 499.07003 498.15754 497.01421 498.85381 506.30673 501.79346 500.49944 498.38771 503.04142 503.10326 504.09319 506.43439
MATCH_PIX 542.177199171103 396.316506586617 749.083633134766 224.867287836015 -131.988813348383 -493.949728311892 -1080.33488301213 1022.11843185436 1109.18966008897 1337.50667151001 1354.16284305894 1413.82454795915 1445.75371067462 -1471.02023772829 -1735.03088761979 -2050.4444265226 -1534.67795608482 1194.19768687693 -606.899450606346 -1032.98620884163 -1669.76144052851 -164.237539867637 -141.831457900364 236.193534434733 1255.30132863798
MATCH_LRES -0.000122822406751766 0.000423675667320822 -0.000254799419337814 -0.00028271968591298 -0.000191233040538918 -0.000101083056506468 -0.000328970420923724 -0.000182970612058853 9.1364711352071e-07 -0.000525931179765848 0.000101078545185374 -0.00044257667502734 0.000400848589720226 -0.000243744143574531 -0.00031495337753995 3.07369742813535e-06 -8.78532360957252e-05 1.06062333316004e-05 0.000526874096465235 0.000328535833205024 0.000568507076366132 -0.000843852548086943 0.000249171213795307 0.000651998648947938 0.00065822657938952
GUESS_LAM 504.756330880284 504.492914352081 505.326413333746 504.06532742081 503.128093973803 502.117397875031 500.352926949452 505.939468115195 506.127295169381 506.603597286419 506.635744909535 506.755743512957 506.818918735365 499.073135717874 498.160229244924 497.016147827683 498.853169440685 506.30650074371 501.792762825151 500.498744428709 498.387043166873 503.042427550272 503.102983403871 504.092494976673 506.43353903728
STOP 122
START 123
DY0 2450
AUTO 0
COEFFS 499.388716013435 0.00262157922933724 -2.31639527992567e-07 4.52884895835485e-12 -2.03202759348095e-15
MATCH_LAM 500.34927 500.49944 499.07003 498.85381 498.38771 498.67629 498.15754 497.01421 496.71179 501.79346 502.12061 496.31112 495.2008 502.51095 494.10203 493.92075 493.04617 494.80434 495.16329 495.9481 497.73371 498.23399 500.13351 500.16415 500.95867
MATCH_PIX 379.161561647787 440.449966410326 -120.205800551522 -200.323044139681 -369.833763070784 -265.487192740551 -451.562411274442 -841.857334325407 -940.898119494935 1005.37930009418 1159.39662460707 -1069.9092921115 -1413.01663894648 1350.72014471919 -1734.77083895364 -1786.12448838071 -2028.35161152021 -1530.99587796255 -1424.19933339256 -1184.03530116181 -599.141714190776 -424.319992044597 291.90665676358 303.912394874852 634.194740717473
MATCH_LRES -0.000351648956723238 0.000676189108276049 -0.000201632835342025 -0.000408065612077735 0.000492566508057735 -8.70949781983654e-06 0.000365413219071797 0.000380905999634251 0.000145899668098082 0.000674620097697698 0.000427436948143622 0.000624391288511106 -0.000208098219729891 -0.000569034470174756 0.000303129457279283 -2.59323061300165e-05 0.000141277207660551 -0.000381657426203219 -0.000487127850817615 -0.000317573216022993 7.9171634240538e-05 -0.000219561839173821 -0.000822447411394478 -1.1363649548457e-05 -0.000298147833746043
GUESS_LAM 500.261227267416 500.49775646994 499.069350301385 498.852382586134 498.382734637847 498.676464611749 498.157623195617 497.01029555205 496.71153592826 501.807115081724 502.122066446922 496.312485690507 495.205941318386 502.511565639251 494.099009680583 493.920691540657 493.045095910913 494.804722884591 495.163638917534 495.948440903069 497.733648969161 498.234277692371 500.134614453958 500.164232026156 500.9590527376
STOP 123
START 124
DY0 2450
AUTO 0
COEFFS 495.360902577279 0.00260185643030635 -2.27867203202e-07 5.1417549675901e-12 -3.27995478380339e-15 2.61111105365488e-19
MATCH_LAM 496.71179 497.01421 494.10203 493.92075 495.2008 495.16329 493.04617 489.12232 490.85788 496.45735 496.31112 495.9481 494.80434 498.85381 498.38771 497.73371 498.15754 498.23399
MATCH_PIX 544.950830462803 674.961452666207 -464.652909637194 -528.637081539068 -61.3350705724649 -75.4648810538766 -827.75461777544 -2005.77602136808 -1515.33441200469 437.995544661427 377.604995510377 230.557956480864 -210.135667899283 1552.73896388621 1312.98632204602 998.76904216742 1200.00209472688 1237.03291844675
MATCH_LRES 0.000118246147508216 2.78698097417873e-05 -4.0991487651354e-05 -9.13402499236327e-06 0.000340937898897664 3.62174690167194e-05 -0.000346877367405796 -4.374370359983e-05 0.000169025130617229 0.000244430268764972 2.18453209299696e-05 -0.000622466715526571 0.00029640584284607 -0.000248615014356801 0.00052392077549257 -0.000658137210109544 -0.000199196686651248 0.000390263450753991
GUESS_LAM 496.620388346415 497.010991538821 494.100341134519 493.919919876838 495.20283319605 495.164212492294 493.047850471588 489.123078892986 490.856552322489 496.456524133467 496.310659152724 495.948357457046 494.804043602858 498.854373911314 498.388339428552 497.735280824472 498.158399533845 498.23409969184
STOP 124
START 125
DY0 2450
AUTO 0
COEFFS 491.39856115449 0.0025853119376526 -2.2990996293274e-07 4.3762199372147e-12 -1.28347287304175e-15 2.63412799837024e-19
MATCH_LAM 489.48117 489.4126 490.41619 490.85788 489.08557 488.25679 488.00957 487.57257 487.26492 485.42244 484.97173 484.21953 493.92075 494.10203 494.80434 493.13626 493.04617 487.93718
MATCH_PIX -697.470632262947 -721.146552681507 -368.076531635346 -205.277940473334 -831.975442099076 -1103.95718725947 -1182.46516776086 -1319.14404379294 -1413.83386331585 -1950.69912050942 -2074.7956328338 -2276.44145456659 1077.07864945361 1164.20663435859 1518.28189007844 717.539831191663 677.7126112489 -1205.24098972802
MATCH_LRES -0.000536747367846147 3.25809252217368e-05 0.000613342283941165 -0.000245230652637929 0.000304796118996364 0.00072482037029431 -0.000130640094766932 -0.000532286153713812 0.00011777782219724 0.000412851809301173 -0.000127853130209132 -8.65608405433704e-05 0.000200077843601321 0.000135262128651448 -9.10211679752138e-05 -0.000319822106121137 -2.23965245709223e-05 -0.000448952698434368
GUESS_LAM 489.386681407453 489.411540746919 490.420786179521 490.865122639816 489.081869261186 488.263555725198 488.011276534206 487.573818332367 487.264056622838 485.421665501404 484.974385763072 484.2222461679 493.901086707967 494.10160298656 494.800948707319 493.136870165391 493.046170074888 487.937713167803
STOP 125
START 126
DY0 2450
AUTO 0
COEFFS 487.499324852688 0.00256720873322502 -2.27976016577891e-07 5.66558104933448e-12 -1.84123408190924e-15 -1.43251097605129e-19
MATCH_LAM 484.18277 484.21953 484.97173 485.17949 485.42244 485.96897 487.02407 483.41528 483.29475 483.24709 482.53447 482.22322 481.09589 487.26492 487.57257 488.00957 488.25679 488.32174 489.4126 489.48117 490.41619 490.85788 489.08557 481.99945 482.49537
MATCH_PIX -1166.28454309044 -1154.68249809047 -909.10848317278 -839.425551709014 -757.019873596021 -567.163931998238 -181.906455905359 -1406.63202455695 -1443.29548780686 -1457.88447337527 -1670.85829201864 -1761.73543676507 -2079.30388281148 -90.4459130605878 28.4744799037185 202.282306459127 303.047741455399 329.975092343372 801.400175713075 832.356413576982 1279.19738800826 1506.22064040733 655.882398629334 -1825.94896294493 -1682.24233646874
MATCH_LRES -0.000276107259765013 0.000176045975535999 0.000119210783054768 -8.69054940721981e-06 0.00021846008223747 0.000223271461265995 -0.000683203263520227 0.000337371842192624 -0.000310535657490618 -6.49374235308642e-05 -4.3883809610179e-05 0.00049409034971859 1.02617281072526e-05 -0.000342051130303389 0.000329926284848625 0.000228833408868923 0.000273400266621593 -5.8119351251662e-05 0.000220226123019529 0.000632040277878332 -0.000492367610831934 0.000208870422568452 -0.000711176047957451 -0.000139098450517849 -0.000341838256986193
GUESS_LAM 484.080330669806 484.219273140123 484.976106959127 485.185363933359 485.429690256027 485.968652735811 487.02254039782 483.416648601505 483.295537706315 483.247186191069 482.535056251918 482.223501259006 481.09423554645 487.264767369944 487.571930700683 488.010187392808 488.257566503089 488.322581005455 489.418729353312 489.48196200683 490.426776578923 490.857516145528 489.08641562254 481.999615116164 482.495899392728
STOP 126
START 127
DY0 2450
AUTO 0
COEFFS 483.661600706307 0.00255025612502612 -2.28065898677997e-07 5.12874452906721e-12 -1.54171099685095e-15
MATCH_LAM 481.09589 482.054 480.52984 479.72544 479.07252 478.84858 478.40983 477.85274 476.79339 482.22322 482.49537 482.53447 483.24709 483.29475 481.37211 483.41528 484.18277 484.21953 484.97173 485.17949 485.42244 485.96897 487.02407 484.65167 480.15132 479.39346
MATCH_PIX -927.24531168597 -597.980950010612 -1113.26683712482 -1368.73967090972 -1568.12510307259 -1634.97067618933 -1764.05764634723 -1924.1239609916 -2217.06667787838 -537.810256881763 -439.878990656144 -425.670974593045 -160.152176468996 -141.988438192487 -833.963444254316 -95.7593225254394 208.211141116241 223.267266248973 539.431055780481 630.267236827009 738.698604806063 991.055367271128 1521.78484727943 402.753475712767 -1235.00274163681 -1470.88479501362
MATCH_LRES 0.000318178031989191 0.000249748256692328 -0.000544244969773899 0.000308250258740372 -4.32567412076423e-05 -0.000345537188934486 -0.000169356144510857 0.000172699742847726 4.97776045449427e-05 6.57337837424166e-05 0.000196906755775217 0.00021007825370134 -0.000209957478318756 -0.000130542056979266 -0.000331118966471422 -1.39447380433921e-05 2.12447270655503e-05 -0.000143977960988195 0.000131390490139438 0.000101795667092119 -0.000189627060592557 0.000423425960491386 -0.000116577730466361 -0.00035507169553739 0.000393324994433897 -4.93417103939464e-05
GUESS_LAM 480.99963883757 482.05961214891 480.527432261937 479.729813736586 479.073368429664 478.847965102759 478.407817762744 477.853981550602 476.804296441955 482.223982045657 482.496801585573 482.534958752744 483.251649176542 483.294935328375 481.372539311059 483.415009807712 484.181545987271 484.219599407272 484.971298506594 485.179552220203 485.422862945108 485.968598664826 487.026000430552 484.652082588244 480.150875306271 479.393517267863
STOP 127
START 128
DY0 2450
AUTO 0
COEFFS 479.883342547735 0.00253279896123871 -2.26391107244244e-07 5.88892953160295e-12 -1.67198375041018e-15 -1.44680276996565e-19
MATCH_LAM 477.85274 478.84858 479.07252 476.79339 476.56786 476.24412 475.37431 475.05281 474.10024 473.12029 473.04513 479.72544 480.15132 481.09589 481.37211 482.22322 482.49537 482.53447 483.24709 482.054 478.40983 479.45848 480.52984
MATCH_PIX -750.190281154134 -394.557233763783 -311.326870025572 -1106.55458134917 -1179.7822872183 -1283.11482198547 -1552.74080503527 -1649.32987247149 -1927.12630407169 -2200.02906793154 -2220.82420418583 -61.9001820015727 106.84190666127 500.795342995702 621.946312621438 1014.07389387786 1146.60123607645 1165.87662185121 1534.17757448618 933.623571840944 -553.900844093867 -165.153379159581 261.122211109655
MATCH_LRES -0.000130290071808759 0.000215984395765645 -0.00015836443714079 0.000181195145444235 0.000358342166464354 -0.00015483502306779 3.70515460303977e-05 -0.000233914427212767 5.79941705609599e-05 -0.000638977202754631 0.000621542668568509 -0.00025296238447936 -5.42821333056054e-05 0.000281594567809407 -7.8661632528565e-05 2.26866188199892e-05 -0.000148376835056752 -8.97855727544083e-06 6.84293970039107e-05 -0.000108298110262695 1.57238799260995e-05 -0.000359524758266616 0.000466920776432289
GUESS_LAM 477.76159422156 478.852700804706 479.077583386611 476.787214300752 476.568148921102 476.245520949636 475.372558851858 475.053520115292 474.102174638895 473.123014757988 473.044252171872 479.724599479235 480.150917464471 481.097304900466 481.373075774559 482.22564902906 482.494904212681 482.534251709533 483.245015134276 482.054294261062 478.409734149485 479.458709573027 480.529235616126
STOP 128
START 129
DY0 2450
AUTO 0
COEFFS 476.164163828664 0.00251721804043592 -2.25548991828422e-07 5.35682498273414e-12 -1.53424051966867e-15
MATCH_LAM 475.05281 475.37431 474.10024 473.12029 473.04513 472.51059 472.34098 470.9611 470.20866 469.54052 476.24412 476.31926 476.38566 476.56786 476.79339 477.85274 479.07252 478.84858 479.39346 477.81148
MATCH_PIX -425.138814760209 -305.334911903486 -766.20892627331 -1097.77816373946 -1122.24862091581 -1294.86801925123 -1348.36719581861 -1769.05227731521 -1986.0866423741 -2172.93049454409 31.8811895427221 61.8702943048725 88.8771657142051 162.754629575904 255.883380107713 716.140950946987 1305.18097699607 1191.26614876763 1473.37947392836 697.144136296092
MATCH_LRES 4.14133513686465e-05 -6.56573581068187e-05 0.000143941712906326 0.000601075485235469 -1.85110856705251e-05 8.78487571753794e-06 -0.000776894214936874 0.000576007942015622 -0.000565360711618723 0.000217975893633593 -6.66558244688531e-05 0.000217290640989631 -0.00044905318139854 -4.01534003913184e-05 -0.000203147242757495 3.91785386000265e-06 -0.000304811763442103 -0.000146662339432169 0.00020766905521441 0.000618830486644129
GUESS_LAM 474.967021309207 475.374903812697 474.096495271775 473.1109961891 473.03608370175 472.51065702585 472.341651764522 470.968054076524 470.210296129365 469.542529530212 476.242784606928 476.318941480909 476.386206262533 476.567732504183 476.792569183906 477.850128295128 479.074648220538 478.848421794466 479.392609306611 477.810626412556
STOP 129
START 130
DY0 2450
AUTO 0
COEFFS 472.502314083725 0.0025008779024389 -2.25157967470103e-07 5.54358923901833e-12 -1.29972714944034e-15 1.89760067947376e-20
MATCH_LAM 470.9611 470.20866 469.67684 469.54052 469.1935 468.75062 468.46623 467.12915 466.81052 466.78225 466.45084 466.08749 467.66845 472.34098 473.04513 472.51059 474.10024 475.05281 475.37431 473.12029 472.17782
MATCH_PIX -584.99963873854 -850.240686298105 -1031.12165104753 -1076.55179199859 -1190.71303614482 -1333.1167389132 -1422.98914130446 -1828.08792434351 -1920.77972294211 -1929.06437616326 -2023.72976009521 -2125.82222915245 -1667.88885306854 -63.9629658063593 221.415943213267 3.35469804923834 679.953017696905 1133.01797111421 1296.31278299109 252.904092290472 -128.515750705071
MATCH_LRES 0.000116530620175581 -0.000442152178095512 0.000194685758629021 0.000170308238296002 0.000258945236964792 -0.000262128422946262 -2.68288860070243e-05 -0.000112104430513682 1.03652143366162e-05 0.000469117803049812 0.000147893397638654 -0.000262487684608459 -0.000296884757972293 -0.000447863481895183 6.29889945003015e-05 -0.000111240226772225 7.74417403590633e-05 4.16652294461528e-05 -3.77627308125739e-05 -0.000189502804119002 0.000639015519823261
GUESS_LAM 470.875184596566 470.206320105552 469.671400530201 469.534476438755 469.185840208221 468.752402386636 468.466667921286 467.134246881474 466.810712971895 466.78180881662 466.450515292098 466.087337735764 467.668887982261 472.344189958956 473.042907437112 472.511142949882 474.10141494206 475.05327866956 475.374345322107 473.120692895655 472.17703157855
STOP 130
START 131
DY0 2450
AUTO 0
COEFFS 468.895914273302 0.0024844032668665 -2.23472874250284e-07 6.69409302035959e-12 -1.48033077843738e-15 -2.09520855578212e-19
MATCH_LAM 467.12915 467.66845 466.81052 466.78225 466.45084 464.85514 463.99835 462.94981 462.8594 466.08749 468.75062 469.54052 469.67684 470.20866 469.1935 470.9611 472.07622 472.10131 468.46623
MATCH_PIX -669.853524050429 -473.720228967258 -782.786611503672 -792.799368739978 -907.737182754637 -1431.99407826322 -1695.83910782804 -2003.87389003028 -2029.34580551491 -1031.10323307106 -58.1275884174662 265.781226125321 323.651995326386 555.746599641688 121.077899280813 903.070653712531 1469.29251547759 1482.39807061313 -170.192270305083
MATCH_LRES -2.30737824722382e-05 0.00037873669793953 2.53662386739961e-06 0.00028350544141631 0.000132529499410339 -0.000248399639758645 0.00021472442023196 0.000648269445264305 -0.000645070708912954 -0.000390084873856722 -0.000125497402279962 -3.39867568186492e-05 4.26121496843734e-05 7.09252006458883e-05 4.39203935229671e-05 2.46529685909991e-05 -0.000471015731136504 0.000445561552908202 -0.000350845918887899
GUESS_LAM 467.044041999967 467.669233045421 466.809435011652 466.780780647005 466.448258539316 464.858307003056 463.997534068624 462.951593873714 462.860904095805 466.087732401662 468.747439323661 469.53752713743 469.676625713229 470.208407482463 469.193568122505 470.961951152278 472.080291639334 472.100393124517 468.466659517679
STOP 131
START 132
DY0 2450
AUTO 0
COEFFS 465.344430681007 0.00246963023630476 -2.21720053333693e-07 6.24860792159029e-12 -1.96025570610424e-15 -2.65674284313108e-19
MATCH_LAM 463.99835 464.60076 464.85514 462.94981 462.8594 465.15366 462.17423 461.48963 460.99105 459.39532 458.97121 463.94244 465.12794 465.65162 466.08749 466.45084 466.81052 467.12915 466.94782 466.78225 468.46623 467.66845
MATCH_PIX -520.209951966204 -293.585835903145 -194.763663175126 -895.158749499026 -926.688651059555 -76.8163874291733 -1158.08343925454 -1380.85727138428 -1537.7968255363 -2014.28792349952 -2135.11811535847 -540.931000483961 -86.9911392578242 125.882116297992 309.630964506367 467.284240264877 628.49361728445 775.93482193479 691.64693154791 615.8361672375 1449.11712838856 1035.40246050951
MATCH_LRES -0.000339824181992299 0.000660517959772733 0.000162942228939755 -0.000655162178475166 0.000186793768364168 0.000248608152162433 -0.000123677753776974 0.000420250726847371 0.000138120533677011 -0.00043890161850868 0.00026320059180307 -6.98730962085392e-05 2.73484577064664e-05 -0.000191481434740126 -0.000524790573024347 0.000265428562101988 0.000303480275988477 -0.000194570825442497 -0.000234235707182506 -0.000133973465551662 -5.81741225573751e-05 0.000287972059481945
GUESS_LAM 463.915989294447 464.59945167706 464.853519344468 462.947371952297 462.855786002673 465.15379293865 462.176300632972 461.493143209069 460.989887183066 459.384949984855 458.970455236567 463.942186403092 465.128117666467 465.649292154344 466.085495614612 466.448342799712 466.810390644807 467.130164057358 466.947940027362 466.782389365849 468.458473419215 467.667953883553
STOP 132
START 133
DY0 2450
AUTO 0
COEFFS 461.846746840534 0.00245505924387569 -2.22084639984861e-07 5.85943584968597e-12 -1.48875176698261e-15 -1.40900597832217e-19
MATCH_LAM 457.22532 457.28128 458.11107 456.852 456.94227 455.96237 462.15366 462.17423 462.8594 462.94981 464.60076 464.85514 461.3836 461.48963 463.99835 460.99105 459.39532 460.86678 458.97121
MATCH_PIX -1628.53200462842 -1611.43346583056 -1349.18371395914 -1742.57537661175 -1714.96961044522 -2005.74766998654 126.217316637084 134.941003969627 428.945542824355 469.007483650626 1263.0416398704 1398.31312784838 -185.645374350492 -143.364998266789 957.910060418835 -338.05424328767 -919.927040361869 -385.278441003083 -1065.1866366321
MATCH_LRES -0.000125217654272092 0.000414943186399341 -0.000397627464678862 0.000222619001704061 -0.000604745660666595 0.000106127299545733 0.000568758467295538 0.000225058471983175 1.87413766070677e-05 -5.5746454677319e-05 -0.000107542231376101 0.000113829578538116 0.000316749029423136 -0.000564768469189403 -0.000122908118385112 -0.000128474754433228 0.000526121943948965 -0.000752602988939088 0.000346685162298854
GUESS_LAM 457.215860071291 457.271281155257 458.04671020379 456.852145922596 456.943093852771 455.962846359964 462.157460389559 462.175221902143 462.861707922434 462.950510564774 464.604640058212 464.858320267147 461.385280790934 461.490540886369 463.998298524111 460.991101560302 459.394412021432 460.867663172339 458.970717805648
STOP 133
START 134
DY0 2450
AUTO 0
COEFFS 458.401421912726 0.0024400347056923 -2.22698470646853e-07 5.35070181177735e-12 -8.18639833096242e-16 1.96764396571084e-19
MATCH_LAM 457.22532 456.852 455.96237 454.57876 454.22721 453.6526 453.53904 453.15893 452.05266 458.11107 457.53089 456.94227 459.39532 460.99105 461.48963 461.3836 461.6317 456.5459
MATCH_PIX -462.16232323999 -601.589981194365 -920.27341681333 -1384.1073699191 -1496.77489251406 -1675.72436220133 -1710.71193996022 -1825.71573496164 -2148.14778096401 -117.643106827928 -345.879321873786 -568.069667694089 423.570515981902 1186.58293739652 1452.8184718732 1394.37647605565 1530.97718864002 -713.18085388924
MATCH_LRES -0.000273052140471464 0.000363129149036467 -6.15130092569416e-05 -0.000564591320994623 0.000419376140655459 -0.000414533201762879 0.000231845332734792 0.000273531020468454 -8.3452697708708e-05 -0.000207651401694875 0.000301706474431285 -9.89406545954807e-05 -5.68490518162434e-05 0.000100021479170209 -0.000707942397809802 0.000391948475112258 0.0002633897208284 0.000123577716919954
GUESS_LAM 457.227235566528 456.853787876957 455.963673702948 454.584194386781 454.227055708008 453.655915158959 453.539754317942 453.160990341342 452.062658824211 458.115363108759 457.530545921769 456.942384778403 459.390338995564 460.986269842296 461.486568039867 461.382011051729 461.631008264571 456.546008835075
STOP 134
START 135
DY0 2450
AUTO 0
COEFFS 455.006695144845 0.00242562171096015 -2.19740634110652e-07 6.59040018376964e-12 -1.84436080911698e-15 -3.4157625294036e-19
MATCH_LAM 452.05266 451.63845 451.49459 453.15893 453.53904 453.6526 454.57876 450.648 450.12455 449.09245 448.87548 448.81565 455.96237 456.852 457.22532 457.28128 458.11107 456.94227 451.44884 454.22721
MATCH_PIX -1103.09068405091 -1242.16602829066 -1289.85237013467 -714.567947972971 -574.359604261683 -532.052949578171 -173.681566236599 -1562.12795025815 -1724.83306654538 -2033.04203329825 -2095.80322775818 -2112.90296608041 409.027098242426 820.876665383231 1004.38532354551 1031.9428243463 1472.03463465974 864.312947785806 -1304.78008140722 -312.599909486432
MATCH_LRES 4.68524620487187e-05 -0.000153397910651165 0.000203752014385827 0.000529389683094905 -0.000557930054128519 -0.000205867019928974 1.53245904357391e-05 -0.00041515180373608 0.000314622302141743 0.000415716477618844 3.79519431135122e-05 -0.000400282968200827 -0.000102306901510474 -0.00044234826242473 -0.000413289805237582 0.000733997687973442 -7.21195270330099e-05 0.000171740265898279 -0.000161313550449904 0.000454660413765851
GUESS_LAM 451.972812349904 451.638031081386 451.493633398616 453.159665338118 453.548002904166 453.651845973171 454.575582480736 450.646659699007 450.126341382536 449.100421797979 448.876146245822 448.81631033764 455.960703594457 456.853270389309 457.225681541615 457.28026745045 458.116280962139 456.942265021075 451.449045209778 454.226623031766
STOP 135
START 136
DY0 2450
AUTO 0
COEFFS 451.661688547113 0.00241136611911848 -2.17963040157179e-07 6.94259016727898e-12 -2.36759448184342e-15 -5.74609205228363e-19
MATCH_LAM 448.81565 449.09245 448.87548 450.12455 450.648 451.44884 451.49459 452.05266 448.34273 447.64773 447.07797 446.65935 445.92528 445.38157 446.24932 446.27798 448.46052 449.19328 451.63845 453.15893 453.53904 453.6526 454.57876
MATCH_PIX -1071.88931090536 -976.045363089275 -1051.24725098843 -603.795643181892 -405.251368200026 -87.3446841927669 -68.964215524671 164.599392338103 -1232.10602577237 -1459.93502721834 -1640.66840773921 -1769.95417445963 -1990.17136477766 -2148.56711897452 -1894.01996451535 -1885.19100952253 -1192.76220228205 -940.762325649262 -9.74487579986596 659.49104257884 841.394962795527 897.212293222494 1378.70970730521
MATCH_LRES -3.0610533883646e-05 0.000105109937237557 -0.000171672682427015 9.32215913280743e-05 -0.000163715182054602 -0.000560913324818557 0.000238401406079447 -6.18341739482275e-05 -0.000202910675739076 -0.00040386374632817 0.000229960672527341 0.000239804744182948 -0.000144510625602834 6.03401735475018e-05 0.000342100112845856 -0.000457740667798134 0.000295721320867415 0.000230023577159955 0.000280621009551396 0.000293611857841825 3.95786874491932e-05 -0.000283790193577715 3.30670455355175e-05
GUESS_LAM 448.738385717492 449.092572012281 448.875679645179 450.124499200587 450.646525154728 451.448837925454 451.493781433641 452.053893326785 448.342643739174 447.647335184208 447.077021758934 446.659768650881 445.926587016648 445.381129726695 446.249092953792 446.278623895331 448.460118601249 449.193058471336 451.637897214905 453.158949474939 453.538535621466 453.652625388783 454.572167502313
STOP 136
START 137
DY0 2450
AUTO 0
COEFFS 448.366234911636 0.00239722694026268 -2.18099286286097e-07 7.08135805531013e-12 -1.90261943915626e-15 -4.64599048590936e-19
MATCH_LAM 443.42074 443.34966 443.47358 445.38157 446.24932 446.27798 446.65935 447.07797 447.64773 448.34273 448.46052 448.87548 448.81565 449.09245 450.12455 450.648 451.49459 451.44884 445.92528 444.03696 442.49623 442.32899
MATCH_PIX -1760.7519976364 -1782.31721745006 -1744.14467932704 -1124.87085511135 -819.984367497592 -809.706482578782 -670.079369403055 -512.953270254547 -291.842646298966 -9.81714727542799 39.5446798508628 216.64776012185 190.751684302176 311.634430266438 788.986009167348 1049.99436397712 1507.07385758634 1481.1277730556 -935.759496384689 -1567.82272277559 -2038.74018908404 -2087.56729268473
MATCH_LRES 0.000668923030787028 -0.000193174192531842 -0.000397344018097101 0.000162996959772954 1.02054220292302e-05 0.00020189759504774 -0.000173243761196318 -0.000142011703132994 -0.000127037928962181 5.00446270734756e-05 -0.000171857052805535 6.04098057692681e-05 2.93037335268309e-05 0.00014256585370731 0.000104502429337572 -0.000149691957290088 0.000107470493333039 -8.21388773033505e-05 0.000178610883324382 -0.000360207285154956 0.000352380837853161 -0.000272604558176681
GUESS_LAM 443.417569412047 443.349884248105 443.47445395719 445.377525826956 446.247878368811 446.277006762556 446.664165828856 447.073185869748 447.643441173428 448.337372480036 448.460188976587 448.873569518061 448.815430758327 449.0917943349 450.126862107749 450.64939294491 451.498634053313 451.449102644048 445.924916614358 444.037947504618 442.494742756037 442.329672103874
STOP 137
START 138
DY0 2450
AUTO 0
COEFFS 445.118299137662 0.00238385652505146 -2.17159318010083e-07 7.15008693209348e-12 -2.05742653822351e-15 -5.31585066679607e-19
MATCH_LAM 441.74782 441.80854 442.32899 442.49623 443.34966 443.42074 443.75291 444.03696 446.65935 440.41635 440.28173 439.77133 439.23445 439.49937 440.16217 443.47358 438.89674 444.8478 445.38157 445.92528 446.24932 446.27798 447.07797 447.64773 447.98522
MATCH_PIX -1261.25099312371 -1240.91553845747 -1062.93170273422 -1004.2736730417 -696.665224189776 -670.115211330327 -545.03241742664 -435.859811793459 688.915780956793 -1692.98312352853 -1734.86962090087 -1891.13630401156 -2051.47000934993 -1973.01515759777 -1771.76953844937 -650.749138894483 -2150.67171551415 -112.139480934116 111.569244416641 349.374836115564 496.613615240544 509.811962641373 893.222194719031 1186.79201021273 1369.89379757595
MATCH_LRES -0.000535441851809537 -0.000219963135748458 0.000411062402065454 -0.00021343642112015 0.000322437103250195 -8.96335611741961e-05 -0.000286990230392803 -0.00039937408911328 4.74833703378863e-05 0.000503796908560616 0.000329356599593211 -0.000307066529046551 -0.000660753592910623 1.1894898079845e-05 -2.40579009300745e-05 0.000812177902730582 0.000464592619891846 -0.000433469880988469 -6.77640741741925e-07 0.000356949993829403 -1.23360341603984e-05 1.36578432829992e-05 0.000133362934718662 -0.000466264332033006 0.00024269306311453
GUESS_LAM 441.676644717374 441.80818684371 442.327705784417 442.49544890529 443.346909954544 443.4219963947 443.75458740838 444.036677166332 446.66544708013 440.415660282476 440.282169170989 439.773531156382 439.236497600316 439.498460509108 440.161724442289 443.472740410666 438.895596869671 444.845711597973 445.378566673169 445.922523276479 446.248466118835 446.27741405819 447.086067181963 447.651561968124 447.9837230688
STOP 138
START 139
DY0 2450
AUTO 0
COEFFS 441.917340204012 0.00237108917507075 -2.17445737437872e-07 6.3350506631445e-12 -1.16959262890432e-15
MATCH_LAM 440.41635 439.23445 440.28173 440.16217 438.30911 441.80854 441.74782 442.32899 442.49623 443.42074 443.34966 437.9407 437.11036 436.71572 444.18204 444.03696 443.75291 439.77133 444.8478 436.05978 435.95452
MATCH_PIX -599.606326119165 -1030.78154150315 -650.209253926647 -694.792682002808 -1347.08081714256 -45.7108918076765 -71.0317890401212 176.323638098958 249.842472376131 675.053306407135 641.065029107873 -1468.51869604834 -1733.60055854297 -1855.29037132504 1054.85203908158 980.131756330364 837.030613341721 -838.479719611328 1413.42466830543 -2052.2912150468 -2083.22208257514
MATCH_LRES 0.000424502109240166 0.000481786370357895 -2.5602476853237e-05 -0.000388377066826706 -0.000261589502883908 3.93566604657281e-05 1.92801400089593e-06 0.000297522233324798 -2.99895585840204e-05 0.00017166211790709 0.0001884302340045 -0.000217352515278435 0.000616790784931709 0.000222875303222736 -0.000481436201425822 -0.000354486811886545 0.000101441474896546 -0.000712612016343428 0.000289962840781754 -2.60456877754223e-05 -0.000338766455683981
GUESS_LAM 440.34301950119 439.237735529634 440.282847558429 440.164054587457 438.298049907143 441.792279625668 441.746310541319 442.337662463147 442.499447521347 443.43502347578 443.350124811741 437.942389975642 437.111304375328 436.717078929857 444.186055328973 444.038488467528 443.75287328968 439.772654453317 444.85131011999 436.060899155975 435.955164952691
STOP 139
START 140
DY0 2450
AUTO 0
COEFFS 438.762139779573 0.0023591624871662 -2.16714645774178e-07 4.35103512361498e-12 -2.07340970778506e-15
MATCH_LAM 439.23445 439.77133 440.28173 440.41635 438.30911 437.9407 437.11036 436.71572 436.05978 435.95452 435.46725 438.15168 438.89674 439.49937 441.80854 436.36981 434.51726 433.84966 435.88382 433.20618
MATCH_PIX 204.103329156531 445.550611158431 687.029628355468 752.634127936101 -188.768627931994 -337.742573651708 -659.751334884068 -806.65126380253 -1042.35815921846 -1079.77057654685 -1247.98813221797 -252.492559575547 57.7565239309842 322.057861771335 1494.84756036463 -932.094191659649 -1562.56289599466 -1773.87325383208 -1104.08403252314 -1971.07930507431
MATCH_LRES -0.000208158675775394 0.000781982103262635 0.000118078382115527 0.000194095600420496 6.03080695213976e-05 0.000265088617766196 0.000652922943800149 0.000776489018733173 -0.000429404875831096 0.000699053399614513 0.000331187774463615 -0.000894240005209213 -0.000934699245590309 -0.000201725379724849 -0.000104971443647628 1.98308219978571e-06 -0.000448563576242123 -0.000888927336688994 -0.000493672471463924 0.000723174127074344
GUESS_LAM 439.132234661056 439.7526413681 440.241711812396 440.369538793246 438.305296871215 437.940605990365 437.11178970067 436.717144854222 436.064825219839 435.955616080262 435.471201969196 438.153107667212 438.897490176055 439.498806387095 441.801896868492 436.369348112288 434.524808892472 433.851402567913 435.883162621393 433.207476486801
STOP 140
