#247.77 461.42
334.98 462.56095
420.0 462.85940
446.15 462.94981
548.91 463.30
608.0 463.46
#754.06 463.22
#795.21 463.36
903.0 464.51647
938.0 464.60076
#1000.09 464.04
1017.80 464.85514
1112.0 465.15366
1166.23 465.32919
1202.01 465.42
1542.10 466.45084
#1648.27 466.07
1667.08 466.81052
#1715.44 466.27
#1726.87 466.3
1779.97 467.12915
#1824.77 466.58
#1913.28 466.84
#1945.68 466.93
1976.0 467.66845
#2010.43 467.11
#2174.76 467.57
2280.0 468.46623
2391.74 468.75062
#2512.42 468.47
2570.99 469.19350
#2585.31 468.66
#2612.77 468.73
#2678.80 468.89
2715.54 469.54052
#2755.69 469.09
2773.0 469.67684
#2840.86 469.29
#2880.69 469.39
3005.0 470.20866
#3151.20 470.03
#3168.19 470.07
#3233.17 470.21
#3256.16 470.27
#3287.02 470.33
3352.94 470.96110
#3376.21 470.53
#3687.66 471.18
