410.73 404.45374
#639.68 404.15
669.0 405.20315
#761.88 404.51
899.85 405.85
968.80 406.03993
1123.08 406.45546
1157.94 406.54793
1277.10 406.85996
1344.98 407.03510
#1445.05 406.43
#1480.01 406.53
#1529.17 406.66
1560.77 407.57924
1595.63 407.66537
#1611.99 406.87
#1732.10 407.18
#1795.95 407.35
#1810.56 407.38
1927.93 408.46217
#1995.82 407.85
2012.85 408.65871
2060.33 408.76742
#2093.95 408.08
#2157.92 408.24
2176.33 409.02919
#2275.94 408.52
2369.97 409.45476
2382.93 409.48271
2433.08 409.59031
2495.68 409.72326
2575.42 409.89038
#2628.40 409.32
2701.56 410.14985
2814.84 410.37756
#2831.00 409.76
2904.0 410.55398
#2933.13 409.98
3043.0 410.82093
3115.39 410.95791
#3150.11 410.42
3164.0 411.04832
#3312.93 410.74
#3352.80 410.82
3525.0 411.69201
3581.29 411.78749
