454.76 412.85
575.84 413.21675
730.0 413.66462
#897.19 413.22
#985.71 413.48
#1095.88 413.8
1186.88 414.93514
#1254.67 414.25
#1435.86 414.75
#1505.97 414.94
#1536.13 415.02
#1563.04 415.09
#1585.80 415.15
1715.0 416.29122
#1731.16 415.53
#1746.03 415.57
#1792.65 415.69
#1817.75 415.76
1880.58 416.69402
2001.63 416.98092
2083.15 417.17087
2118.25 417.25168
2418.17 417.92370
2455.0 418.00264
#2508.51 417.44
#2522.32 417.47
2704.0 418.53168
2769.0 418.66478
3090.0 419.30084
#3153.60 418.83
3255.0 419.61181
