#13.99 529.7
#136.07 530.21
#180.29 530.39
205.0 531.17439
#247.39 530.67
#269.75 530.76
#290.87 530.85
#384.84 531.22
581.66 532.66252
629.78 532.84576
#712.10 532.5
#965.13 533.45
1083.87 534.50675
#1133.00 534.06
1210.0 534.94592
1301.92 535.26151
#1405.12 535.01
#1529.03 535.43
1573.29 536.16402
1638.0 536.37452
#1666.46 535.89
1822.28 536.97
#1860.89 536.53
#1906.94 536.67
2042.36 537.63162
2060.01 537.68473
#2073.90 537.2
2186.64 538.06080
2318.20 538.44240
2356.98 538.55325
2447.98 538.81085
2491.0 538.93113
2609.0 539.25752
2664.0 539.40721
2746.11 539.62611
2896.19 540.02031
3073.0 540.47015
3253.77 540.91564
3384.29 541.22726
3678.09 541.90
#3754.31 541.73
