295.92 423.93
#363.16 424.03
390.0 424.22891
461.0 424.44557
#480.91 424.44
#497.92 424.53
#629.95 424.83908
#694.71 425.034
#732.18 425.24
804.19 425.47362
863.0 425.64350
897.87 425.74518
#941.18 425.74961
977.13 425.97187
1041.19 426.15317
1123.0 426.38122
#1356.74 426.90
#1388.77 426.98126
1503.63 427.40768
1522.11 427.45601
#1547.83 427.40246
1716.0 427.95268
1805.0 428.17715
1825.56 428.22728
1840.0 428.26195
#1865.02 428.203
#1908.12 428.3105
1925.28 428.47235
2275.80 429.30172
#2521.0 429.73062
2990.02 430.83876
#3037.0 431.10492
3225.99 431.30120
#3288.86 431.29975
3410.0 431.64681
3585.95 431.96301
3683.88 432.13413