0 400.525
#498.43 401.03
700.0 402.59397
#709.62 401.67
#775.21 401.86
914.22 403.19815
#978.76 402.45
1107.70 403.71883
1127.22 403.77060
#1153.43 402.94
1391.43 404.45374
#1444.19 403.73
#1587.84 404.1
#1660.61 404.29
1694.76 405.20315
#1805.40 404.66
1838.0 405.54472
1969.87 405.85
1995.0 405.90870
#2105.31 405.4
#2180.12 405.58
#2238.55 405.71
#2280.83 405.81
#2425.66 406.15
2508.69 407.03510
#2521.07 406.36
#2546.86 406.42
#2631.71 406.61
#2674.91 406.7
2839.0 407.70580
#3089.02 407.57
#3282.10 407.96
#3326.67 408.04
3349.0 408.65871
3419.0 408.76742
3564.0 409.02919