325.92 427.02663
#353.26 426.99426
#431.93 427.23032
465.99 427.40769
488.0 427.45601
#579.0 427.68073
#595.31 427.73138
628.73 427.95268
703.64 428.17715
720.0 428.22828
732.09 428.25195
#753.30 428.205
#789.0 428.31048
803.0 428.47235
1091.82 429.30172
#1255.05 429.625
#1290.68 429.73062
1384.41 430.10492
1664.32 430.83876
#1719.98 430.86001
#1775.33 430.99
1848.0 431.30120
#1895.75 431.29975
#1949.77 431.43195
1988.22 431.64681
#2119.94 431.84157
2192.0 432.13413
#2264.0 432.17
#2416.0 432.52741
2580.0 433.01327
2815.0 433.51555
#2903.56 433.57331
2977.0 433.84966
#3019.0 433.81078
3239.0 434.36646
3325.0 434.51726
3340.0 434.55478
#3354.0 434.465
3452.0 434.77
