#255.0 729.82763
362.36 730.39
#429.90 730.75
637.53 731.83
709.5 732.2
#739.04 732.35
#805.89 732.69
#853.78 732.93
876.0 733.03046
900.0 733.15109
1025.0 733.75981
#1043.33 733.86
#1101.74 734.14
1141.01 734.31739
1189.10 734.54000
#1297.87 735.06
#1452.93 735.78
1830.0 737.41487
1943.67 737.89093
1979.82 738.04280
#2109.96 738.61
#2154.37 738.79
#2167.07 738.84
2353.0 739.54742
#2364.20 739.63
#2452.99 739.98
#2501.88 740.17
2536.91 740.25
#2586.27 740.49
#2603.52 740.55
2646.83 740.66
2680.96 740.785
2788.97 741.17383
#2859.63 741.5
#2933.14 741.76
#3202.22 742.7
3351.17 743.09886
3391.77 743.22997
3769.0 744.4
#3768.53 744.52
3971.0 744.99000
4083.0 745.30