106.92 570.88865
#309.99 571.17
#395.72 571.54
#409.52 571.6
534.24 572.69761
#570.72 572.28
#720.74 572.89
797.0 573.76205
928.71 574.28636
945.79 574.34220
1127.26 575.03358
1145.0 575.09838
#1155.08 574.6
1242.64 575.46226
#1397.07 575.51
#1450.56 575.7
#1513.87 575.93
1534.83 576.51269
1657.15 576.93781
1668.83 576.97808
#1712.29 576.63
#1774.08 576.85
#1839.20 577.07
#1912.57 577.32
2329.09 579.12503
2353.0 579.20078
2420.41 579.40369
#2541.87 579.36
2704.80 580.24385
#2726.14 579.91
#2820.97 580.19
2909.0 580.81975
#3236.47 581.36
3257.04 581.70340
#3325.87 581.6
#3354.11 581.68
3527.02 582.44075
#3572.28 582.25
#3609.04 582.34
3932.78 583.39875
