155.63 521.80490
218.11 522.05633
450.0 522.96802
#527.22 522.58
581.79 523.46823
#732.24 523.36
#752.22 523.43
769.87 524.16551
977.70 524.91155
1288.85 525.98237
1331.22 526.12398
1350.81 526.15885
#1396.94 525.73
1543.06 526.81764
1595.62 526.97216
#1746.16 526.88
1777.86 527.55864
1852.0 527.78768
#1888.16 527.33
#1973.88 527.6
2006.81 528.25381
#2051.19 527.84
#2311.02 528.62
2472.0 529.58701
#2541.20 529.28
#2595.38 529.44
2615.0 529.97566
2699.68 530.19980
2733.15 530.28795
#2812.94 530.04
2969.14 530.89421
#3041.61 530.64
3081.73 531.17438
3152.78 531.34796
#3174.62 530.98
#3190.15 531.02
#3225.52 531.11
3384.0 531.89737
3527.91 532.22501
3740.0 532.69131
#3779.28 532.43
3812.25 532.84575
