#267.63 405.73
#364.36 406.03
578.0 407.66537
#693.19 407.04
#759.15 407.24
#914.29 407.69
#928.43 407.74
#967.99 407.85
#995.89 407.93
#1048.94 408.08
#1064.18 408.13
1275.0 409.59031
1326.64 409.72326
#1375.10 408.99
1391.54 409.89038
#1434.49 409.15
1493.64 410.14985
1584.66 410.37756
1656.11 410.55396
#1679.06 409.79
#1695.12 409.84
#1718.91 409.9
1765.90 410.82093
1822.96 410.95791
#1850.14 410.23
1862.0 411.04832
#1906.21 410.37
#1924.96 410.42
#1976.65 410.55
#2007.34 410.62
2138.68 411.69201
2181.05 411.78749
#2452.84 411.68
2462.0 412.41288
#2494.75 411.78
2500.0 412.5
2678.71 412.85
2857.0 413.21673
2947.0 413.4
3130.0 413.75
3225.0 413.92077
3345.0 414.145
#3357.79 413.6
3485.15 414.38692
#3580.68 414.02
