161.59 448.20
337.02 448.81565
354.17 448.87548
#388.40 448.15
416.94 449.09245
#524.76 448.63
#661.79 449.1
#693.32 449.21
725.12 450.12455
#755.78 449.42
887.73 450.64800
#949.19 450.06
#1057.19 450.4
1145.10 451.44884
1160.07 451.49459
1207.0 451.63845
1347.0 452.05266
#1413.18 451.51
#1429.63 451.56
#1442.19 451.6
#1517.63 451.82
#1534.00 451.87
1735.42 453.15893
#1815.30 452.69
#1844.98 452.77
1875.29 453.53904
1917.76 453.65260
#1975.41 453.14
#2129.44 453.56
2276.31 454.57876
#2300.87 454.01
#2332.66 454.1
#2386.78 454.24
#2747.55 455.14
2858.89 455.96237
#2994.19 455.73
#3082.45 455.93
#3100.92 455.97
#3125.09 456.03
#3156.06 456.1
3270.71 456.85200
3454.31 457.22532
3481.80 457.28128
#3768.59 457.4
3922.04 458.11107
#3959.94 457.78
