220.71 504.63
#275.68 504.11
#347.73 504.39
373.75 505.21926
403.03 505.32972
#583.07 505.28
760.18 506.63569
#846.01 506.24
#902.93 506.44
#1215.15 507.53
#1230.83 507.58
1243.0 508.28628
1512.0 509.14706
#1527.21 508.56
#1569.21 508.7
#1673.29 509.03
1696.0 509.72759
1720.04 509.79053
1771.62 509.94642
#1824.19 509.5
#1857.93 509.61
1875.19 510.25511
2229.09 511.27022
2366.09 511.64699
#2639.96 511.87
#2772.56 512.22
2884.13 512.99194
#3143.15 513.17
#3518.63 514.07
3648.0 514.74892
3750.83 514.96458
3799.0 515.06414
#3917.76 514.95
