416.14 399.16209
565.11 399.56791
797.0 400.21892
#843.89 399.39
944.0 400.62253
#1016.01 399.89
1060.69 400.93434
#1195.36 400.39
#1224.32 400.46
1310.84 401.58512
#1445.14 401.06
1486.40 402.02648
1536.0 402.14902
1720.0 402.59397
#1735.22 401.81
#1785.03 401.93
#1812.93 402.0
#1934.16 402.3
1979.0 403.19815
#2055.77 402.6
#2114.25 402.74
2211.01 403.71883
2234.63 403.77060
#2266.29 403.1
2311.0 403.94701
2388.0 404.10070
2450.95 404.23451
2556.19 404.45374
#2621.05 403.9
#2889.74 404.47
#3071.98 404.85
3114.0 405.54472
#3282.18 405.27
3389.0 406.03993
#3586.0 406.45546
3634.0 406.45546
#3658.73 406.45546
