#33.07 443.55
#50.69 443.61
#136.10 443.93
#172.58 444.06
#301.67 444.53
459.75 445.92528
555.94 446.24932
#581.44 445.51
680.02 446.65935
#809.35 446.27
#852.39 446.41
990.03 447.64773
#1168.97 447.43
1218.0 448.34273
1257.18 448.46052
#1345.05 447.97
1377.87 448.81565
1398.47 448.87548
#1439.35 448.25
1473.71 449.09245
1509.0 449.19328
#1603.41 448.74
#1769.16 449.22
#1807.37 449.33
1846.05 450.12455
#1883.29 449.54
#1976.92 449.8
2045.0 450.64800
#2093.37 450.11
#2120.00 450.19
#2253.22 450.54
#2332.10 450.75
2362.28 451.44884
2380.92 451.49459
2440.16 451.63845
2614.35 452.05266
#2697.83 451.67
#2718.84 451.72
#2830.39 451.99
#2851.27 452.04
3110.0 453.15893
#3213.08 452.87
#3251.82 452.95
3291.0 453.53904
3347.09 453.65260
#3423.08 453.32
#3628.63 453.75
3828.0 454.57876
3862.10 454.63881
3906.07 454.71642
