#68.01 434.02
#594.62 435.87
#692.41 436.2
716.0 437.11036
#834.67 436.67
#850.67 436.72
#871.87 436.79
981.0 437.94070
1102.82 438.30911
#1171.34 437.73
#1205.02 437.83
#1234.29 437.92
1419.05 439.23445
#1489.09 438.68
#1512.98 438.75
#1581.29 438.95
1610.98 439.77133
#1663.37 439.19
#1739.23 439.4
1755.08 440.16217
#1766.93 439.48
1799.0 440.28175
1850.31 440.41635
#1997.49 440.11
#2080.69 440.34
#2235.04 440.74
#2320.87 440.97
2378.80 441.74782
2404.20 441.80854
2626.30 442.32899
2700.0 442.49623
#2800.91 442.15
3090.94 443.34966
3124.92 443.42074
3430.02 444.03696
#3490.72 443.67
3505.0 444.18204
#3518.77 443.73
#3757.85 444.21
#3909.93 444.5
