#102.05 549.43
221.0 550.58307
328.06 551.00889
358.68 551.15238
478.91 551.64051
582.20 552.05223
748.41 552.7
796.01 552.88298
869.0 553.16116
#895.20 552.66
#1059.17 553.28
1117.76 554.08003
1135.69 554.14493
#1169.96 553.69
1218.72 554.44301
1310.25 554.76611
1338.99 554.86753
1368.93 554.97169
#1490.80 554.84
#1602.78 555.23
1629.57 555.85887
#1668.61 555.45
1715.60 556.14351
#1848.30 556.06
#1967.98 556.45
2060.0 557.24736
#2069.91 556.78
#2101.88 556.88
#2140.16 557.0
2234.06 557.77526
2339.70 558.09068
2364.0 558.16265
2387.13 558.23047
#2473.03 558.03
2483.0 558.53129
#2604.92 558.42
#2768.15 558.89
2843.13 559.51655
2896.98 559.66178
3071.0 560.12096
3146.73 560.31582
3261.84 560.60711
3337.0 560.79425
#3495.87 560.84
3514.74 561.22381
3573.0 561.36256
#3714.01 561.37
3773.76 561.82504
