#6.00 430.67
#258.85 431.59
465.04 433.16290
#628.90 432.86
675.83 433.84966
#839.07 433.55
888.0 434.51726
#899.70 433.74
#968.33 434.768
#1055.14 434.23
1201.94 435.46725
#1266.11 434.88
1370.26 435.95452
1407.25 436.05978
1643.29 436.71572
#1679.41 436.08
#1761.07 436.31
1790.16 437.11036
#1933.17 436.79
#1952.63 436.84
#1978.37 436.91
2112.14 437.94070
#2157.22 437.38
2196.93 438.15168
#2242.31 437.61
2261.10 438.30911
#2345.71 437.87
#2376.91 437.95
#2395.89 438.0
2653.97 439.23445
#2741.88 438.84
2771.99 439.49937
#2858.32 439.12
2895.85 439.77133
#3094.96 439.65
3136.89 440.28175
3202.41 440.41635
#3393.94 440.3
3503.76 441.01
#3561.0 441.11374
#3710.11 440.94
#3806.67 441.12
#3826.63 441.16
#3890.57 441.28
3906.24 441.74782
3941.0 441.80854