156.72 458.40
229.33 458.65
314.83 458.97121
#414.24 458.5
435.0 459.39532
464.74 459.49310
515.10 459.68
740.87 460.42
#891.06 460.15
912.0 460.99105
#1114.28 460.88
#1130.19 460.93
#1191.69 461.12
1285.0 462.15366
#1420.18 461.84
1523.19 462.85940
1554.0 462.94981
#1679.11 462.61
#1733.42 462.77
1909.0 463.94244
1929.0 463.99835
#1980.05 463.48
#2024.68 463.6
#2233.12 464.18
2255.19 464.85514
2373.17 465.15368
#2426.26 464.69
#2440.37 464.73
#2485.36 464.84
2759.22 466.08749
2917.22 466.45084
#3054.21 466.24
3141.0 466.94782
#3156.36 466.48
3225.80 467.12915
#3284.57 466.77
#3325.21 466.86
#3401.56 467.03
#3444.69 467.12
3486.0 467.66845
#3531.38 467.31
#3550.29 467.35
#3733.02 467.73
3899.10 468.46623
