#18.47 440.22
#155.97 440.73
668.0 443.34966
689.35 443.42074
706.0 443.47358
#726.80 442.72
#870.13 443.19
#882.13 443.23
#920.08 443.36
936.90 444.21127
#1101.27 443.93
1145.0 444.84780
#1171.53 444.15
1274.39 445.23002
1324.93 445.38157
1514.07 445.92528
#1540.14 445.27
1629.75 446.24932
#1660.53 445.62
#1718.05 445.78
1779.72 446.65935
1936.88 447.07797
#1989.29 446.54
#2104.69 446.85
2158.06 447.64773
#2379.44 447.57
2440.06 448.34273
2489.31 448.46052
#2599.30 448.12
2641.0 448.81565
2666.44 448.87548
#2701.95 448.37
#2717.98 448.41
2761.0 449.09245
#2926.14 448.91
#3139.14 449.39
3238.83 450.12455
#3287.35 449.72
3499.85 450.64800
#3564.74 450.31
#3780.79 450.74
#3889.02 450.96
3930.99 451.44884
3956.99 451.49459