202.82 565.94954
#236.77 565.49
360.0 566.61929
373.06 566.67517
419.0 566.87007
#429.33 566.32
#611.31 567.07
662.0 567.86279
868.93 568.67701
1217.0 569.98756
1276.14 570.20407
#1288.78 569.71
1337.0 570.42336
1462.13 570.86865
#1719.03 571.25
#1828.15 571.63
#1845.77 571.69
#1969.79 572.1
2005.53 572.69764
#2052.45 572.38
#2246.25 573.01
2345.95 573.76205
2517.77 574.27635
2539.0 574.34226
2548.82 574.36769
2804.0 575.09838
#2861.00 574.87
2934.97 575.46226
#3144.14 575.67
#3217.31 575.86
3333.41 576.51269
3503.87 576.93681
3520.30 576.97808
#3868.55 577.51
3900.0 577.87014
3914.0 577.90024