#120.20 544.53
#131.89 544.58
#162.86 544.71
#360.04 545.54
393.93 546.32547
455.25 546.57235
#487.56 546.06
621.0 547.22790
#641.67 546.68
#668.65 546.78
#727.67 547.02
#974.95 547.96
#1098.11 548.42
1210.76 549.41700
1227.0 549.47306
1259.12 549.58579
1310.35 549.76646
#1400.59 549.51
1410.0 550.11756
1459.95 550.28093
1480.0 550.34733
#1549.60 550.03
#1647.03 550.36
#1683.64 550.48
1722.15 551.15238
1874.07 551.64051
2005.37 552.05223
#2095.01 551.83
2176.28 552.57537
#2218.00 552.21
2279.21 552.88298
#2310.76 552.88298
2374.0 553.16116
2394.0 553.22330
#2407.32 552.79
#2620.95 553.42
#2672.46 553.57
2697.86 554.08003
2721.47 554.14493
2831.13 554.44301
2953.0 554.76611
2991.0 554.86753
3031.45 554.97169
3385.67 555.85887
#3439.59 555.63
3504.83 556.14351
3691.04 556.59
3861.83 556.955
