335.73 509.32
#419.93 509.79053
457.69 509.79053
499.25 509.94642
#568.70 509.5
865.0 511.27022
972.76 511.64699
1186.84 512.385
#1289.34 512.06
1295.0 512.73786
1374.97 512.99194
1572.0 513.61771
1659.0 513.89053
#1850.09 513.88
#1871.86 513.95
1910.0 514.65709
1944.21 514.74892
2017.92 514.96458
#2136.16 514.75
2229.31 515.56778
2387.02 516.00417
#2464.42 515.69
2495.69 516.29775
2567.80 516.48963
#2830.01 516.69
3015.0 517.62405
3061.0 517.73534
#3183.29 517.59
#3407.21 518.13
#3428.97 518.19
3516.12 518.78574
#3586.11 518.55
3723.13 519.23167
#3747.28 518.91
#3776.41 518.98
#3865.73 519.17
#3896.83 519.24
#3964.40 519.38
