0.0 512.32
#326.96 512.9
#551.30 513.77
#568.77 513.83
#779.49 514.62
853.17 515.56778
977.35 516.00417
#990.65 515.38
#1037.98 515.55
1062.0 516.29775
1119.0 516.48965
#1321.08 516.53
#1426.93 516.88
#1478.20 517.05
1497.0 517.75554
#1512.11 517.17
#1529.65 517.22
#1588.82 517.42
1755.07 518.54340
#1771.04 518.0
1834.86 518.78574
#1885.76 518.36
1900.04 518.98109
1984.0 519.23167
#2001.64 518.72
#2022.44 518.78
#2085.64 518.97
2108.0 519.59039
#2129.71 519.1
2154.73 519.72602
2205.0 519.86830
#2260.27 519.49
#2273.09 519.52
#2353.95 519.76
2490.89 520.66023
#2514.14 520.21
#2540.82 520.29
#2589.87 520.43
#2638.18 520.56
2662.85 521.11753
2720.70 521.26616
#2803.14 521.01
2931.94 521.80490
3010.01 521.99808
3033.90 522.05633
3108.87 522.23810
#3345.20 522.39
3421.29 522.96802
#3552.75 522.88
3647.0 523.46823
#3914.25 523.68
3982.88 524.16551
