272.71 738.8
415.28 739.58
#513.99 740.15
#539.00 740.22520
#574.09 740.46
#617.05 740.69
641.18 740.78
#700.44 741.12
#817.93 741.71
877.00 741.98339
892.23 742.05932
1003.02 742.605
#1017.04 742.7
1103.79 743.09868
1131.09 743.22997
#1321.83 744.16
#1379.08 744.43
#1441.85 744.72
#1487.92 744.93
1508.5 744.99000
#1578.52 745.34
1743.94 746.03
2021.0 747.21
#2067.30 747.46
#2115.87 747.66
2197.0 747.935
2297.94 748.34147
2355.40 748.56865
#2467.03 749.07
#2578.27 749.5
#2661.05 749.82
#2818.36 750.4
2894.78 750.6
3107.97 751.34182
3200.89 751.66
3462.0 752.528
3536.76 752.75800
3632.0 753.05622
3702.29 753.27
3720.0 753.32174
3936.0 753.95040