#140.13 487.23
#266.79 487.72
#281.06 487.77
#367.79 488.1
444.08 489.12232
#579.35 488.88
#782.84 489.61
930.0 490.85788
1021.94 491.15278
1041.0 491.19196
1059.21 491.25116
#1094.06 490.69
#1216.87 491.1
1315.84 492.11895
#1373.93 491.61
#1427.71 491.78
#1468.75 491.91
#1578.90 492.26
1622.0 493.04617
1652.0 493.13626
#1884.35 493.19
1921.33 493.92075
1972.0 494.06491
1985.27 494.10203
#2107.91 493.85
#2195.27 494.1
2239.73 494.80434
2374.20 495.16328
#2542.35 495.06
#2647.95 495.34
2680.0 495.94810
#2775.35 495.67
2827.25 496.31112
2887.82 496.45735
#2926.67 496.06
#2961.96 496.15
2994.78 496.71179
3124.81 497.01424
#3255.61 496.86
#3299.73 496.96
3448.0 497.73371
#3649.82 497.76
#3687.04 497.84
#3762.86 498.0
3908.93 498.67629
4002.0 498.85381