#193.97 499.48
#478.61 500.64
#561.03 500.96
#598.62 501.11
#656.94 501.33
#710.94 501.53
#921.63 502.3
958.14 503.12943
1142.0 503.76218
1237.93 504.06357
1371.0 504.49219
#1414.82 503.98
1482.41 504.84510
#1543.03 504.4
#1570.95 504.48
1603.04 505.21926
1639.08 505.32972
#1660.66 504.77
1842.0 505.93965
#1862.11 505.4
1906.21 506.12717
#1953.10 505.69
1968.02 506.30675
2012.0 506.43439
#2050.13 505.98
2070.95 506.60137
2083.06 506.63569
2125.23 506.75478
2147.98 506.81897
#2190.98 506.41
2240.11 507.07481
#2262.82 506.62
#2467.02 507.23
2603.0 508.05554
#2660.86 507.79
#2681.02 507.84
2697.0 508.28628
2744.0 508.40400
2839.0 508.64116
3046.93 509.14706
#3123.05 509.07
#3261.65 509.44
3292.0 509.72759
3324.36 509.79053
3393.95 509.94642
#3511.20 510.07
3534.84 510.25511
