290.0 433.01327
##335.41 432.21
350.0 433.20618
397.0 433.35572
448.0 433.51555
##505.92 432.77
##542.99 432.89
555.01 433.84966
#581.95 433.81078
774.70 434.51726
787.28 434.55478
#858.32 434.64378
##905.55 434.03
#948.0 434.90718
1099.97 435.46725
1137.0 435.57067
1248.0 435.88382
#1273.93 435.83198
1312.09 436.04976
1555.36 436.71572
##1676.60 436.26
1712.0 437.11036
##1853.56 436.74
##1873.56 436.79
##1900.01 436.86
##2037.42 437.22
#2171.08 438.14018
2190.41 438.30911
##2277.26 437.83
##2319.98 437.93
2443.0 438.89674
2593.75 439.23445
##2684.08 438.81
#2715.0 439.37590
##2803.68 439.08
3090.0 440.28175
3158.0 440.41635
#3469.0 440.88828