171.65 712.1582
263.83 712.65248
#300.76 712.82
490.0 713.84
623.59 714.52
#709.29 714.92
#738.99 715.07
764.0 715.22554
#1066.40 716.65
1153.67 717.08712
1251.05 717.53497
1312.96 717.81646
#1587.85 719.01
#1604.17 719.08
1653.25 719.31146
#1865.36 720.2
2023.35 720.84691
2061.33 720.99928
2113.0 721.20
2179.62 721.46
#2294.53 721.91518
2318.16 722.00
#2346.52 722.098
2505.0 722.703
2665.0 723.28550
2755.19 723.6
2990.0 724.40877
3067.0 724.66930
3471.30 725.98
3621.86 726.4432
3697.0 726.6733
3755.16 726.84090909
