398.97 497.01424
479.27 497.31
506.08 497.405
715.0 498.15754
780.19 498.38771
863.0 498.67629
915.0 498.85381
#961.85 498.31
978.87 499.07003
#1029.79 498.54
#1090.26 498.75
#1243.09 499.27
#1301.88 499.46
1369.0 500.34927
1416.98 500.49944
#1433.89 499.9
#1461.99 499.99
#1539.76 500.24
1565.0 500.95867
#1719.20 500.8
#1821.19 501.11
1843.0 501.79346
#1867.80 501.26
#1939.22 501.47
1955.92 502.12061
#2033.02 501.75
#2258.61 502.4
#2271.87 502.44
2317.93 503.12945
2552.0 503.76218
2674.76 504.06357
#2749.94 503.75
#2903.79 504.15
2992.14 504.84510
#3108.69 504.66
#3151.12 504.77
3198.98 505.32972
#3227.72 504.95
#3352.02 505.25
3472.0 505.93965
#3499.02 505.59
3559.18 506.12717
3644.21 506.30675
3787.16 506.60137
3804.12 506.63569
#3956.71 506.59
