324.0 466.08749
426.21 466.45084
513.73 466.78225
529.16 466.81052
#578.23 466.19
621.75 467.12915
#658.42 466.47
#730.67 466.72
#757.05 466.81
782.0 467.66845
#809.75 466.99
1027.0 468.46623
1116.68 468.75062
#1213.04 468.32
1259.29 469.19350
#1292.22 468.57
1373.26 469.54052
#1404.75 468.92
1419.0 469.67684
#1471.46 469.13
#1502.50 469.23
1599.0 470.20866
#1711.47 469.85
#1774.07 470.04
#1815.01 470.16
1864.92 470.96110
#2018.12 470.74
#2113.95 471.01
#2250.22 471.38
#2303.06 471.53
2322.0 472.17782
#2354.85 471.67
2385.89 472.34098
#2439.52 471.89
2453.30 472.51059
#2493.13 472.03
2671.39 473.04513
2702.76 473.12029
#2754.21 472.7
#2884.79 473.02
3129.84 474.10024
#3168.75 473.7
#3188.17 473.74
#3241.90 473.86
#3569.20 474.59
3582.91 475.05281
3746.22 475.37431
