398.45 439.23446
#457.08 438.58
477.0 439.49937
#533.90 438.85
#602.15 439.08
715.08 440.28175
757.01 440.41635
#878.20 439.99
#946.33 440.21
#1072.14 440.61
#1135.32 440.81
#1179.24 440.94
1208.86 441.80854
1386.92 442.32899
1445.34 442.49623
1753.25 443.34966
1779.67 443.42074
1799.0 443.47358
#1824.97 442.84
#1999.22 443.32
2013.93 444.03696
#2060.48 443.48
#2080.98 443.54
#2192.88 443.84
#2259.14 444.01
#2283.23 444.07
#2370.18 444.3
#2498.13 444.62
2561.34 445.38157
2765.0 445.84872
2799.26 445.92528
2946.25 446.24932
#2985.62 445.78
3138.75 446.65935
3343.16 447.07797
3411.97 447.21
#3565.07 447.04
3630.0 447.64773
#3820.0 447.87522
#3878.05 447.66
#3938.62 447.78
