268.11 455.35
371.79 455.72
444.0 455.96237
531.98 456.266
600.23 456.4924
#635.09 455.81
734.96 456.94227
822.0 457.22532
838.0 457.28128
1010.88 457.827
1100.0 458.11107
#1122.33 457.42
#1195.54 457.65
#1282.23 457.92
1384.52 458.97121
#1504.28 458.6
1529.90 459.39532
1565.48 459.49310
#1626.24 458.97
#1901.09 459.76
2064.0 460.86678
2111.77 460.99105
#2159.90 460.48
#2238.00 460.69
2265.0 461.38360
2306.0 461.48963
#2362.28 461.02
#2382.19 461.07
#2459.13 461.27
#2544.68 461.49
2576.0 462.15366
#2614.86 461.67
2747.37 462.56095
2878.82 462.85940
2918.85 462.94981
#3079.59 462.79
#3150.04 462.95
3407.75 463.99835
#3457.95 463.63
#3475.00 463.67
#3534.85 463.8
#3817.93 464.38
3848.29 464.85514
