1316.0 379.11601
#1249.20 379.18715
1426.22 379.38075
#1486.20 381.0
1509.0 379.57754
#1538.78 381.14
1656.03 379.91719
1748.22 380.12773
1756.0 380.14513
1767.0 380.16678
#1804.31 381.79
#1876.94 381.96
1918.20 380.50645
#1980.01 382.21
#2009.35 382.27
2070.0 380.83535
2098.17 380.89551
2110.0 380.92099
#2133.02 382.56
2248.0 381.20772
2314.77 381.34800
2347.53 381.41502
2384.0 381.48975
#2444.78 383.25
2470.0 381.66483
2502.0 381.72492
#2569.42 383.52
2631.0 381.97690
2693.36 382.1
2740.76 382.18767
2862.0 382.41522
