#-9.18 539.1
263.78 540.91564
340.36 541.22726
#457.68 541.05
#508.75 541.25
#551.52 541.42
676.88 542.55151
720.68 542.71860
865.0 543.26212
#947.85 542.95
1037.02 543.88996
#1080.81 543.44
#1197.85 543.87
#1261.67 544.09
#1409.40 544.62
#1424.09 544.67
1462.41 545.37339
#1614.96 545.32
#1709.43 545.64
1752.02 546.32547
1779.35 546.41308
1829.40 546.57235
#1870.29 546.17
#1999.37 546.58
2039.88 547.22790
#2065.94 546.79
#2100.28 546.9
#2175.67 547.14
#2318.30 547.57
#2655.14 548.56
2803.15 549.414700
2824.04 549.47306
2866.0 549.58579
#2880.39 549.2
2935.18 549.76646
#3055.75 549.67
3071.15 550.11756
3136.0 550.28093
3162.09 550.34733
3257.03 550.58307
3494.15 551.15238
3706.93 551.64051
3894.0 552.05223
#4067.00 552.12
