301.75 452.05266
#357.25 451.41
#370.98 451.46
444.16 452.53973
457.76 452.61073
624.39 453.15893
#690.21 452.57
#774.32 452.85
821.44 453.805
#946.92 453.43
1066.0 454.57876
#1085.44 453.87
#1111.05 453.95
#1267.23 454.45
#1317.27 454.6
#1441.76 454.98
1529.34 455.96237
#1635.05 455.56
#1717.80 455.8
1738.0 456.54590
#1760.28 455.92
1848.32 456.85200
1882.0 456.94227
1987.62 457.22532
2008.33 457.28128
#2091.74 456.85
2104.0 457.53089
#2151.15 457.01
#2220.97 457.2
2243.0 457.88645
2332.0 458.11107
#2359.41 457.56
2450.82 458.40
2559.52 458.665
2688.65 458.97121
#2840.74 458.77
2873.38 459.39532
#2918.76 458.96
#2996.96 459.14
3354.87 460.430
3636.13 460.99105
#3675.15 460.63
3808.15 461.33
3980.94 461.63170
