116.04 526.195
153.62 526.35
271.56 526.82
313.80 526.985
459.96 527.55864
#547.96 527.22
642.20 528.25381
#881.88 528.49
#946.58 528.72
1007.72 529.58701
#1061.11 529.14
#1103.03 529.29
1183.31 530.19980
1209.04 530.28795
#1257.21 529.83
#1270.05 529.88
#1332.12 530.09
#1388.64 530.29
#1443.28 530.47
1473.0 531.17439
1526.60 531.34796
#1542.86 530.81
#1580.74 530.93
1697.98 531.89737
1803.0 532.22501
1945.07 532.66252
2005.77 532.84575
#2032.27 532.38
#2086.13 532.55
#2110.12 532.62
#2433.39 533.59
2474.0 534.19835
2586.78 534.50675
2651.0 534.67982
2691.0 534.78650
2751.0 534.94592
2871.75 535.26151
#3174.02 535.61
3234.0 536.16402
3335.0 536.40666
3360.07 536.45886
3574.46 536.97
#3771.01 537.05
3885.0 537.63162
3910.0 537.68475
#3910.11 537.36
